"latitude","longitude","time","duree","distance"
43.5061,1.55612,1254562593,60,62.7914029499592
43.50603,1.55655,1254564213,60,36.1307729493984
43.50594,1.55612,1254564273,60,36.0887298720541
43.50619,1.55607,1254564454,60,24.5783349762712
43.50593,1.55691,1254564514,60,73.6453220198577
43.50594,1.55691,1254564574,60,1.11506218601582
43.45823,1.57133,1254565114,60,24.9866113062674
43.45856,1.57187,1254565295,60,5.78936611677386
43.45861,1.57183,1254565355,60,6.42871118449091
43.45854,1.57162,1254565415,60,18.6488990227877
43.45822,1.57129,1254565475,60,44.4401849186699
43.45785,1.57039,1254565533,58,83.4711425607865
43.45887,1.57131,1254565713,60,33.0254783901055
43.45866,1.57143,1254565773,60,25.2759311140475
43.45859,1.57157,1254565833,60,13.7191992962801
43.4588,1.57183,1254565893,60,31.3901049012678
43.45831,1.57179,1254565953,60,54.572542055885
43.45835,1.57184,1254566013,60,6.00554381913257
43.4584,1.57176,1254566073,60,8.51960135296995
43.45842,1.57173,1254566133,60,3.28813899881061
43.45844,1.57176,1254566193,60,3.28813899881061
43.45846,1.57165,1254566253,60,9.15083825639784
43.45853,1.57174,1254566313,60,10.6454822528017
43.45841,1.57168,1254566373,60,14.1930594203677
43.45849,1.57182,1254566433,60,14.3791086625892
43.45847,1.57176,1254566493,60,5.3273940579036
43.45848,1.5718,1254566553,60,3.41449658926174
43.45838,1.57175,1254566613,60,11.8274013939469
43.45843,1.57171,1254566673,60,6.42801039294966
43.45836,1.57159,1254566733,60,12.424061082885
43.45846,1.57146,1254566793,60,15.2863103022552
43.45844,1.57169,1254566853,60,18.6937763109501
43.45858,1.57155,1254566913,60,19.2330367932373
43.45849,1.57175,1254566973,60,18.9900109591018
43.45855,1.57177,1254567033,60,6.86255432040667
43.45877,1.57168,1254567093,60,25.5147015363716
43.45844,1.57215,1254567273,60,79.2116256401932
43.45863,1.57175,1254567453,60,38.4677131567197
43.45868,1.57219,1254567513,60,35.9408784474402
43.45854,1.57203,1254567573,60,20.2236141980857
43.45855,1.57178,1254567633,60,20.2057858222501
43.45861,1.57173,1254567693,60,7.79619536362264
43.4586,1.57188,1254567753,60,12.1557418681542
43.45822,1.57219,1254567813,60,49.098899940248
43.45853,1.57192,1254567873,60,40.775133296275
43.45847,1.57196,1254567934,61,7.41108892292766
43.45838,1.57183,1254567994,60,14.4973622120047
43.45866,1.57184,1254570514,60,15.1902294615558
43.45864,1.57182,1254570574,60,2.74777744538932
43.4585,1.57167,1254570634,60,19.7180989519016
43.45847,1.57184,1254570694,60,14.1185914093923
43.45841,1.57175,1254570753,59,9.86167649992297
43.45842,1.57159,1254570813,60,12.9600237346594
43.45858,1.57191,1254570873,60,31.3579411346657
43.45852,1.57178,1254570933,60,12.4320356816294
43.45845,1.57169,1254570993,60,10.644635861844
43.45853,1.57182,1254571053,60,13.7539622216432
43.45874,1.57189,1254571113,60,24.021050054621
43.45877,1.57203,1254571173,60,11.7800763324806
43.45883,1.57194,1254571233,60,9.86167649992297
43.4585,1.57174,1254571473,60,23.8373069191659
43.45839,1.57177,1254571533,60,12.4671355858945
43.45841,1.57168,1254571593,60,7.59600438363836
43.45829,1.57158,1254571773,60,19.7020997499229
43.45868,1.57181,1254571833,60,47.1650272876427
43.45849,1.57175,1254571893,60,21.6713888580467
43.4585,1.57176,1254572073,60,25.5584515407148
43.45864,1.5718,1254572253,60,16.9721810259216
43.45852,1.57173,1254572313,60,14.4880369496414
43.45857,1.57184,1254572373,60,10.4739830026319
43.4585,1.57179,1254572433,60,8.76614403666865
43.45846,1.57175,1254572493,60,5.49555489077877
43.45865,1.57168,1254572553,60,21.8659183173837
43.45861,1.57161,1254572613,60,7.18892770869834
43.45847,1.5716,1254572673,60,15.5854551242389
43.4586,1.5718,1254572733,60,21.665359643138
43.45869,1.57175,1254572793,60,10.7892387102257
43.45869,1.57172,1254572853,60,2.42000477772849
43.45847,1.57173,1254572913,60,24.4721645664229
43.45858,1.57175,1254572973,60,12.3352698652781
43.45855,1.57177,1254573033,60,3.70554446146368
43.45861,1.57175,1254573093,60,6.86321074150152
43.45883,1.57188,1254573153,60,26.6141288073113
43.45871,1.57205,1254573213,60,19.1365264063036
43.45859,1.57181,1254573273,60,23.5184319073296
43.45873,1.57145,1254573333,60,32.9588440424003
43.45855,1.57169,1254573393,60,27.8495538371602
43.45856,1.57178,1254573453,60,7.34759901761551
43.45855,1.57218,1254573513,60,32.2994459003648
43.45881,1.57191,1254573573,60,36.1985376718715
43.45854,1.57181,1254573634,61,31.0837851124808
43.45855,1.57178,1254573694,60,2.66454251287367
43.45848,1.57183,1254573754,60,8.76614403666865
43.45855,1.57181,1254573814,60,7.94784755805691
43.4586,1.5715,1254573874,60,25.6272766581887
43.45859,1.5716,1254574054,60,3.22729349136356
43.45864,1.57143,1254574114,60,14.8027133885496
43.45853,1.57168,1254574174,60,23.5922541044158
43.45857,1.57148,1254574230,56,16.7415471460679
43.45854,1.57155,1254574290,60,6.56050341225576
43.45831,1.57194,1254574350,60,40.5516776950141
43.45852,1.57178,1254574770,60,41.211852243288
43.45843,1.57175,1254574830,60,10.2952536960889
43.45866,1.57158,1254575010,60,18.4287406491903
43.45865,1.5715,1254575190,60,4.44608597698074
43.45872,1.57163,1254575250,60,13.0625089548254
43.45863,1.57167,1254575310,60,10.5143353961153
43.45877,1.57129,1254575370,60,34.3902767525684
43.45887,1.57155,1254575430,60,23.7456610436809
43.45874,1.57152,1254575490,60,14.6546764176635
43.45847,1.57156,1254575550,60,30.1909538613249
43.45846,1.57179,1254575730,60,3.33574638365009
43.45845,1.57175,1254575790,60,3.41449658926174
43.45837,1.5718,1254575850,60,9.7671197265539
43.45838,1.57179,1254575909,59,1.37552723099629
43.45846,1.57178,1254575969,60,8.93059197759462
43.45844,1.5717,1254576029,60,6.82767369378944
43.45829,1.57168,1254576089,60,16.7544583668656
43.45838,1.57168,1254576149,60,10.0058885552029
43.4584,1.57218,1254576329,60,74.8294278850364
43.45842,1.57188,1254576389,60,24.3122249287935
43.45836,1.57194,1254576449,60,8.24278582293578
43.45854,1.57188,1254576509,60,20.5896322245125
43.45861,1.57177,1254576569,60,11.8056706914496
43.45833,1.57191,1254576749,60,25.7739903764051
43.45861,1.57174,1254576809,60,34.0188663632506
43.45833,1.57201,1254576869,60,37.9978097680627
43.45855,1.57177,1254576929,60,31.198935282725
43.45834,1.57185,1254576989,60,24.223491852363
43.45833,1.57178,1254577049,60,5.75815636856675
43.45842,1.5718,1254577109,60,10.1356140159697
43.45849,1.57181,1254577169,60,7.82388244229112
43.4586,1.57174,1254577229,60,13.47134135108
43.45829,1.57188,1254577529,60,42.860422022768
43.45829,1.57185,1254577589,60,2.4237250024885
43.45824,1.57188,1254577649,60,6.06377170896373
43.45813,1.57198,1254586409,60,25.5961434565679
43.45841,1.57182,1254586469,60,33.701419715404
43.45877,1.57164,1254586955,60,15.9646965009224
43.45906,1.5716,1254587014,59,32.4027705252803
43.45924,1.57215,1254587075,61,48.6877796070502
43.45932,1.57253,1254587135,60,31.9298162712071
43.45966,1.57228,1254587195,60,42.8472816028458
43.45993,1.57191,1254587255,60,42.3391788881685
43.46029,1.57182,1254587315,60,40.6775709653791
43.46045,1.57164,1254587375,60,22.9656364311306
43.46068,1.57153,1254587432,57,27.0677956710053
43.46104,1.57119,1254587492,60,48.5254012891631
43.46152,1.571,1254587552,60,55.524132151653
43.46223,1.57052,1254587794,60,36.6166426634983
43.46237,1.5702,1254587854,60,30.1506389151151
43.46256,1.57012,1254587914,60,22.0879171896232
43.46276,1.57051,1254587974,60,38.5337063984661
43.46293,1.57042,1254588032,58,20.2474351110969
43.46316,1.57026,1254588092,60,28.6456799277502
43.46332,1.57025,1254588152,60,17.8066211794286
43.4632,1.57051,1254588212,60,24.863346621702
43.46316,1.57065,1254588272,60,12.141279791593
43.46295,1.57087,1254588332,60,29.3302490194348
43.46277,1.57103,1254588392,60,23.8153743383949
43.46257,1.57129,1254588452,60,30.5714417647393
43.46228,1.57145,1254588512,60,34.7304898674432
43.46204,1.57155,1254588574,62,27.8762314421134
43.46185,1.57168,1254588632,58,23.5851878962905
43.46197,1.57164,1254588692,60,13.7260932842296
43.4619,1.57161,1254588752,60,8.15100410219198
43.46192,1.57154,1254588812,60,6.0704543712967
43.46196,1.57155,1254588872,60,4.51845017669054
43.46188,1.57163,1254588932,60,10.9902900083125
43.46191,1.57162,1254588992,60,3.43160537075064
43.46192,1.57167,1254589052,60,4.1851176903773
43.46189,1.57165,1254589112,60,3.70554446146368
43.46172,1.5715,1254589172,60,22.4440076104904
43.46179,1.5716,1254589233,61,11.211461100563
43.46192,1.5716,1254589413,60,17.7249704064843
43.46192,1.57162,1254589474,61,1.61085255008637
43.46208,1.57168,1254589534,60,18.4355840320709
43.46195,1.57166,1254589594,60,14.5426597924376
43.46191,1.57158,1254589654,60,7.83941345238851
43.46193,1.57163,1254589714,60,4.60730738663021
43.46177,1.57158,1254589774,60,18.2402824163586
43.46185,1.57158,1254589833,59,8.89419819802478
43.46185,1.57157,1254589893,60,0.805426275043186
43.46185,1.57159,1254589953,60,1.61364674568177
43.46183,1.57158,1254590013,60,2.36349882004227
43.46183,1.57158,1254590073,60,0
43.46185,1.5716,1254590133,60,2.74613747064139
43.46186,1.57157,1254590193,60,2.66454251287367
43.46191,1.5716,1254590253,60,6.06451459064603
43.46192,1.57161,1254590313,60,1.36896143106852
43.46192,1.57161,1254590373,60,0
43.46195,1.57162,1254590433,60,3.43029234014173
43.46194,1.57163,1254590493,60,1.37552723099629
43.4619,1.57165,1254590553,60,4.73080819905901
43.46188,1.57167,1254590613,60,2.74777744538932
43.462,1.57151,1254590673,60,18.5656143299152
43.46203,1.5714,1254590734,61,9.48254289002955
43.46228,1.5713,1254590794,60,28.9423170164805
43.4625,1.57109,1254590853,59,29.7559926288998
43.46272,1.57089,1254590913,60,29.3038189982904
43.46302,1.57076,1254590973,60,34.9642216072336
43.46311,1.5705,1254591033,60,23.2444528341754
43.46337,1.57046,1254591095,62,29.0856293574488
43.46326,1.57025,1254591155,60,20.8980139534051
43.463,1.5704,1254591215,60,31.3379657706869
43.4627,1.57042,1254591275,60,33.3922886770617
43.46255,1.57031,1254591333,58,18.8917822100638
43.46218,1.57035,1254591393,60,41.2621050228686
43.46211,1.57076,1254591453,60,33.9882624734063
43.46165,1.57095,1254591513,60,53.3905083476642
43.46161,1.57092,1254591573,60,5.06380522950806
43.46133,1.5712,1254591633,60,38.4654880087957
43.46129,1.57128,1254591697,64,7.83883877852839
43.46106,1.5715,1254591756,59,31.1295489775462
43.46099,1.57154,1254591816,60,8.4249539028805
43.46089,1.57164,1254591877,61,13.7379035005214
43.46084,1.57161,1254591936,59,6.06302873625875
43.46084,1.57237,1254591996,60,61.3301831499367
43.4603,1.57208,1254592056,60,64.4357799532878
43.46015,1.57217,1254592116,60,18.189333879838
43.46018,1.5727,1254592177,61,42.9001341637015
43.45967,1.57232,1254592238,61,64.4618524716264
43.45938,1.57236,1254592298,60,32.4024924650946
43.45905,1.57199,1254592358,60,47.3033204706826
43.45888,1.57182,1254592418,60,23.3542758479602
43.45863,1.57176,1254592477,59,28.212922420755
43.4587,1.57211,1254592538,61,29.2976690645413
43.4582,1.57193,1254592598,60,57.4554659447133
43.45842,1.57197,1254592658,60,24.6712701360193
43.45842,1.57159,1254592718,60,30.666487167137
43.4584,1.57174,1254592778,60,12.307848777082
43.45852,1.57169,1254592838,60,13.9381157210484
43.45853,1.57172,1254592898,60,2.66454251287367
43.45835,1.57168,1254592958,60,20.2707835605752
43.4583,1.57203,1254593018,60,28.7873392609486
43.45803,1.57299,1254593198,60,29.0673471282605
43.45775,1.57322,1254593258,60,36.2434366042501
43.45766,1.57345,1254593318,60,21.0868604376935
43.45772,1.57362,1254593378,60,15.2550396654187
43.45768,1.57348,1254593436,58,12.1416508292519
43.45767,1.57353,1254593496,60,4.1851176903773
43.45761,1.57351,1254593556,60,6.86321074150152
43.45761,1.57353,1254593616,60,1.61364674568177
43.45768,1.57358,1254593676,60,8.76665792382427
43.45768,1.5736,1254593736,60,1.61085255008637
43.45762,1.57357,1254593795,59,7.09621229858872
43.45765,1.57352,1254593855,60,5.23527078778085
43.45766,1.57352,1254593915,60,1.11506218601582
43.45759,1.57354,1254593975,60,7.94841435053814
43.45771,1.57362,1254594035,60,14.8209620661859
43.45772,1.57359,1254594095,60,2.66454251287367
43.45768,1.57355,1254594155,60,5.49555489077877
43.45768,1.57354,1254594215,60,0.805426275043186
43.45767,1.57354,1254594277,62,1.11101476000673
43.45767,1.57352,1254594337,60,1.61085255008637
43.45767,1.57352,1254594397,60,0
43.45762,1.57351,1254594457,60,5.61636857188614
43.45764,1.5735,1254594517,60,2.36349882004227
43.45764,1.57351,1254594577,60,0.805426275043186
43.45765,1.57354,1254594633,56,2.66454251287367
43.45766,1.57352,1254594693,60,1.96143302167873
43.45764,1.57352,1254594753,60,2.22608062550987
43.45768,1.57353,1254594813,60,4.51845017669054
43.4577,1.57352,1254594873,60,2.36540409952946
43.45771,1.57352,1254594933,60,1.11101476000673
43.45771,1.57353,1254594993,60,0.805426275043186
43.45767,1.57352,1254595053,60,4.51944707690713
43.45769,1.57343,1254595113,60,7.59541129330885
43.45783,1.57332,1254595173,60,17.9185977497017
43.45797,1.57301,1254595233,60,29.4641840914311
43.45804,1.57273,1254595293,60,23.8990257643297
43.45774,1.57224,1254595353,60,51.7315291757572
43.45805,1.57177,1254595413,60,51.2494552413163
43.45746,1.57174,1254595835,58,24.7128675624418
43.45821,1.57181,1254595895,60,83.5742695706675
43.45793,1.57421,1254654179,60,21.1235741004275
43.4581,1.57416,1254654237,58,19.3260352172503
43.45807,1.57457,1254654297,60,33.2552089606784
43.45827,1.57469,1254654357,60,24.2528579518945
43.45811,1.57464,1254654417,60,18.2400354371035
43.45817,1.57456,1254654476,59,9.28280716495513
43.45808,1.57452,1254654536,60,10.5134784471431
43.45814,1.57467,1254654596,60,13.8212702900523
43.45805,1.57463,1254654656,60,10.51390693036
43.45812,1.57466,1254654716,60,8.15045139806507
43.45812,1.57468,1254654776,60,1.61085255008637
43.4581,1.57462,1254654836,60,5.32908502574745
43.45815,1.57459,1254654896,60,6.06451459064603
43.4585,1.5749,1254654956,60,46.2602322589974
43.45823,1.57464,1254655016,60,36.6242697212321
43.45832,1.57459,1254655076,60,10.7892387102257
43.45814,1.57461,1254655137,61,20.0769541718458
43.45815,1.57459,1254655197,60,1.96143302167873
43.45793,1.57451,1254655257,60,25.2969535661148
43.45786,1.57454,1254655317,60,8.15045139806507
43.45791,1.57435,1254655377,60,16.3097439644017
43.45803,1.57443,1254655439,62,14.8215699684878
43.4585,1.5748,1254655499,60,60.1831246683489
43.45833,1.5745,1254655558,59,30.7140462468327
43.4581,1.57446,1254655618,60,25.7739903764051
43.45789,1.57429,1254655678,60,27.0797761063829
43.45798,1.57397,1254655736,58,27.6952929467089
43.45761,1.57351,1254655796,60,55.4097765535904
43.45766,1.57322,1254655856,60,24.0547838160715
43.45797,1.57294,1254655916,60,41.2121801773188
43.4584,1.57276,1254655976,60,49.9644775792141
43.45827,1.57221,1254656039,63,46.6792223316968
43.45834,1.57174,1254656099,60,38.7196110553841
43.45861,1.57146,1254656159,60,37.5721741371867
43.45849,1.57184,1254656219,60,33.4425721046898
43.45853,1.57168,1254656279,60,13.6563370608923
43.45827,1.57226,1254658257,60,35.7997155925793
43.45856,1.57184,1254658677,60,15.1917122307976
43.45836,1.5716,1254658737,60,29.4881789130033
43.45849,1.57163,1254658797,60,14.6546764176635
43.45833,1.57142,1254658856,59,24.568802094442
43.45821,1.57166,1254659216,60,20.2974346154197
43.4583,1.57194,1254659276,60,24.7125029771435
43.4583,1.57193,1254659336,60,0.816536127791726
43.45808,1.57221,1254659396,60,33.2992062154718
43.45803,1.57216,1254659456,60,6.86911570857764
43.45816,1.57206,1254659516,60,16.5537470961615
43.45817,1.57179,1254659696,60,16.9835907184266
43.45803,1.57179,1254659756,60,15.5646297721833
43.45839,1.5718,1254660116,60,24.7024747727874
43.45816,1.57191,1254660416,60,6.67014212597321
43.45802,1.57184,1254660476,60,16.5581007676409
43.45821,1.5718,1254660536,60,21.3688983323287
43.45863,1.57132,1254660596,60,60.6703970798895
43.45832,1.57145,1254660656,60,36.0265111088589
43.45844,1.57197,1254660716,60,44.0340621254469
43.45841,1.57191,1254660776,60,5.87893751580002
43.45846,1.57201,1254660837,61,9.79935301302638
43.45869,1.5722,1254660897,60,29.8155830184924
43.45839,1.57192,1254661077,60,2.66454251287367
43.4577,1.57355,1254678115,60,13.376368762405
43.45774,1.57339,1254678175,60,13.6566669360583
43.45773,1.57377,1254678235,60,30.6868996272448
43.45774,1.57354,1254678295,60,18.5949517648321
43.4576,1.57333,1254678355,60,23.0107090174267
43.45772,1.57346,1254678415,60,16.9719155929707
43.45803,1.57384,1254678475,60,46.1332659004797
43.45868,1.57401,1254678535,60,73.5561422161892
43.45787,1.57363,1254678778,60,15.7522107284288
43.45768,1.57357,1254678836,58,21.6713888580467
43.45773,1.57359,1254678896,60,5.78858792386534
43.45771,1.5734,1254678956,60,15.4938468045581
43.45769,1.57355,1254679016,60,12.3074827498473
43.45776,1.57358,1254679079,63,8.15045139806507
43.45783,1.57362,1254679137,58,8.42602326302987
43.45777,1.57359,1254679197,60,7.09684710758034
43.4577,1.57365,1254679257,60,9.1655953023599
43.45764,1.57338,1254679317,60,22.7876177693789
43.45747,1.57351,1254679377,60,21.6166485871836
43.45723,1.57343,1254679437,60,27.4525147692124
43.45751,1.57348,1254679497,60,31.3899613862596
43.45776,1.57345,1254679557,60,27.8996543395266
43.45771,1.57346,1254679617,60,5.61636857188614
43.45764,1.57342,1254679677,60,8.42548859992053
43.45728,1.57343,1254679737,60,40.0319951239121
43.45809,1.57392,1254679797,60,98.3533804203221
43.45769,1.57358,1254679857,60,52.2545190101544
43.45765,1.57356,1254679917,60,4.72985584712202
43.45775,1.57356,1254679977,60,11.1178490477328
43.45776,1.57356,1254680037,60,1.11506218601582
43.45774,1.57363,1254680097,60,6.07119643527738
43.45776,1.57354,1254680157,60,7.59600438363836
43.45758,1.57348,1254680217,60,20.5894134267821
43.45768,1.5735,1254680277,60,11.2343412476221
43.45762,1.57349,1254680337,60,6.71859415839449
43.45758,1.57371,1254680397,60,18.3029072168286
43.45771,1.57351,1254680457,60,21.6657755049288
43.45791,1.57362,1254680517,60,23.9421531070239
43.45772,1.57343,1254680577,60,26.1020736055635
43.45778,1.57353,1254680637,60,10.4705415755626
43.45781,1.57364,1254680697,60,9.48349299702958
43.45783,1.57379,1254680757,60,12.3082147934316
43.45774,1.57326,1254680816,59,43.9268173340246
43.45768,1.57331,1254680876,60,7.79619536362264
43.45786,1.57291,1254680937,61,37.9804963690228
43.45799,1.57303,1254680997,60,17.3976425651231
43.45813,1.57263,1254681057,60,35.8371954994388
43.45801,1.5723,1254681117,60,29.7862564562428
43.45812,1.57226,1254681177,60,12.6482986994504
43.45836,1.57203,1254681235,58,32.5035492192726
43.45856,1.57212,1254681295,60,23.3918602791631
43.45887,1.57183,1254683455,60,45.0928833465341
43.45868,1.57166,1254683515,60,25.1877313807268
43.45877,1.57176,1254683575,60,12.8546190499991
43.45875,1.5719,1254683635,60,11.5147479144171
43.45867,1.57191,1254683695,60,8.93059197759462
43.45856,1.57182,1254683755,60,14.223814335046
43.45917,1.57205,1254684235,60,47.1625438469885
43.45893,1.57175,1254684295,60,36.0290119252711
43.45867,1.57169,1254684355,60,29.3087380161602
43.45858,1.57175,1254684415,60,11.1158228683047
43.4582,1.57181,1254684475,60,42.5241258922201
43.45828,1.57194,1254684535,60,13.7539622216432
43.45877,1.57181,1254685256,60,4.64237407983914
43.45854,1.57189,1254685616,60,16.851511871436
43.45823,1.57187,1254685856,60,24.1875722293016
43.45837,1.57179,1254685916,60,16.8509771998448
43.4584,1.57166,1254685976,60,11.0087201410811
43.45834,1.5718,1254686036,60,13.1206634819735
43.45804,1.57247,1263493442,60,59.6149968402227
43.45811,1.57187,1263493502,60,49.0421641899453
43.4584,1.57184,1263493563,61,32.3322057347941
43.45887,1.57166,1263494102,60,43.1122548907631
43.45785,1.57339,1263747426,60,50.5935509663815
43.45764,1.57365,1263747486,60,31.3903919293158
43.45765,1.5736,1263747543,57,4.1851176903773
43.45775,1.5735,1263747603,60,13.7382314171573
43.45782,1.57347,1263747664,61,8.15100410219198
43.45774,1.57354,1263747723,59,10.5365916060148
43.45767,1.57371,1263747783,60,15.7727884128761
43.45818,1.57438,1263747964,61,57.2720130884494
43.45821,1.57461,1263748024,60,18.8583682122908
43.45843,1.57464,1263748083,59,24.5787015517349
43.45856,1.57472,1263748143,60,15.8298082952156
43.45868,1.57486,1263748203,60,17.4828838523439
43.45859,1.57491,1263748264,61,10.7884035975104
43.45817,1.57466,1263748324,60,50.866706160202
43.4581,1.57451,1263748384,60,14.391322083742
43.45825,1.57425,1263748443,59,26.8023670630488
43.45787,1.57412,1263748503,60,43.5304981143426
43.45797,1.574,1263748563,60,14.7441658418326
43.45734,1.57437,1263748623,60,76.1409511268135
43.45727,1.57417,1263748684,61,17.9185977497017
43.4568,1.57383,1263748744,60,59.0195762056863
43.45655,1.57346,1263748804,60,40.7941318695041
43.45616,1.57323,1263748863,59,47.165218316123
43.45607,1.57281,1263748924,61,35.3416311775998
43.45618,1.57249,1263748984,60,28.5746657349313
43.45632,1.5718,1263749043,59,57.8200022078127
43.45643,1.57147,1263749104,61,29.3059711702032
43.45642,1.57121,1263749163,59,21.0123831175062
43.45656,1.57103,1263749223,60,21.290329728165
43.45688,1.57108,1263749284,61,35.8047487322387
43.45718,1.57149,1263749343,59,46.9814734324775
43.45751,1.57129,1263749403,60,40.0819288593861
43.45758,1.57097,1263749464,61,26.9717606138538
43.45781,1.57091,1263749524,60,26.0251580041424
43.45816,1.57089,1263749584,60,38.9454813811286
43.45825,1.57152,1263749644,60,51.8169741949563
43.45898,1.57183,1263749704,60,84.9278204146315
43.45855,1.57211,1263749764,60,52.8773919307102
43.45855,1.57211,1263974321,14,0
43.45841,1.57177,1265813859,61,19.7233529998518
43.45843,1.57182,1265821227,60,24.0193621229008
43.45828,1.57202,1265821287,60,23.2081826017628
43.45841,1.57186,1265821347,60,19.3809692561178
43.45845,1.57185,1265821407,60,4.52044375727582
43.45841,1.5717,1265821467,60,12.8966048527568
43.45848,1.57159,1265822487,60,11.353209591276
43.45837,1.57185,1265822547,60,24.2862697330426
43.45833,1.57195,1265822607,60,9.21461477326102
43.45842,1.57191,1265822667,60,10.5143353961153
43.45852,1.57194,1265822727,60,11.3785763808191
43.45834,1.57178,1265822787,60,23.8159418147397
43.4583,1.57165,1265822967,60,14.9046182079477
43.45847,1.57156,1265823027,60,20.2476576042714
43.45848,1.57166,1265823207,60,15.0920445972026
43.45844,1.57164,1265823267,60,4.73080819905901
43.4585,1.57179,1265823327,60,13.8212702900523
43.45844,1.57171,1265823387,60,9.28280716495513
43.45842,1.57175,1265823447,60,3.9205686106314
43.45839,1.57164,1265823507,60,9.48301795542851
43.45849,1.57172,1265823687,60,15.5854551242389
43.45848,1.57167,1265823747,60,4.1851176903773
43.45825,1.57158,1265823807,60,26.5822872305412
43.45829,1.57148,1265823867,60,9.21412586943931
43.45847,1.57162,1265823927,60,22.9809318231829
43.45835,1.57205,1265823987,60,37.1775458659156
43.4584,1.5717,1265824047,60,28.7870262785424
43.45839,1.57168,1265824107,60,1.95913491541603
43.45869,1.57324,1265824707,60,46.7016069322381
43.4578,1.57421,1265825967,60,37.3639285172123
43.45797,1.57332,1265826027,60,74.2693725147196
43.45809,1.5726,1265826087,60,59.616885991328
43.45833,1.57183,1265829407,60,7.37208292091507
43.45868,1.57153,1265829466,59,45.828959512431
43.45856,1.57148,1265829526,60,13.9381157210484
43.45809,1.57217,1265829765,60,55.3928630991307
43.45839,1.57217,1265829824,59,33.3531419418116
43.45801,1.57231,1265830186,60,18.189581547522
43.45825,1.57202,1265830364,59,44.4781827557534
43.4582,1.57203,1265830424,60,5.61636857188614
43.45839,1.57158,1265830931,60,9.21412586943931
43.45826,1.57183,1265831955,60,28.4416103877175
43.45856,1.5716,1265832192,59,15.6920383529233
43.45799,1.57186,1265832431,59,21.4486494006713
43.45838,1.57175,1265832490,59,44.2585626412896
43.45845,1.57149,1265832549,59,22.3790814338097
43.45828,1.57164,1265832608,59,22.4446097596937
43.45843,1.57204,1265833273,59,31.5455768257764
43.45832,1.57195,1265833333,60,14.2241310497193
43.45847,1.57162,1265833392,59,31.4219490079239
43.45833,1.57167,1265833451,59,16.0794143584969
43.4585,1.57159,1265833511,60,19.9725687806016
43.45811,1.57178,1265833570,59,45.990475049939
43.45823,1.57165,1265833645,75,16.9721810259216
43.45833,1.57164,1265833704,59,11.1465810476116
43.45834,1.57159,1265834239,59,6.82833346802819
43.45822,1.57149,1265834299,60,15.5918128781651
43.4581,1.57167,1265834358,59,19.7231245920882
43.45837,1.57151,1265834417,59,32.6774408891752
43.4585,1.57159,1265834477,60,15.8298082952156
43.45839,1.57179,1265834537,60,20.2501048678478
43.4585,1.57134,1265834596,59,38.3192830715774
43.45846,1.57162,1265834656,60,23.0296914441434
43.45848,1.5716,1265834715,59,2.74777744538932
43.4582,1.57158,1265834775,60,31.1714883386571
43.45821,1.57156,1265834834,59,1.95913491541603
43.45821,1.57144,1265834893,59,9.68374147948574
43.45824,1.57154,1265834952,59,8.7316447016435
43.45828,1.57165,1265835012,60,9.92905463199351
43.45847,1.57155,1265835071,59,22.6129791863271
43.45857,1.57173,1265835131,60,18.2925667295542
43.45832,1.5717,1265835191,60,27.8998158084743
43.45772,1.57195,1265835251,60,69.6907078895268
43.45793,1.57166,1265835310,59,33.057655013378
43.45862,1.57178,1265835369,59,77.3212719812065
43.45819,1.57183,1265835426,57,47.9762279253007
43.45819,1.5716,1265835486,60,18.5612461213147
43.45808,1.57164,1265835546,60,12.6482986994504
43.45841,1.57173,1265835606,60,37.4005636091913
43.45845,1.57168,1265835665,59,6.0047936418991
43.45834,1.57169,1265835724,59,12.2561310451401
43.45842,1.57169,1265835784,60,8.89419819802478
43.45885,1.57232,1265835843,59,69.7873451938894
43.4587,1.57198,1265835903,60,32.1084991382291
43.45833,1.57152,1265835963,60,55.4095326462299
43.45836,1.57217,1265836022,59,52.5615644223135
43.45834,1.57175,1265836082,60,33.9673140629029
43.45851,1.57187,1265836142,60,21.2367285582408
43.45843,1.57176,1265836202,60,12.5664711464454
43.45829,1.5717,1265836262,60,16.3009027961335
43.45852,1.5717,1265836321,59,25.5707867864902
43.45863,1.57158,1265836381,60,15.5993232466247
43.45858,1.57163,1265836440,59,6.8697715027181
43.45818,1.57205,1265836500,60,55.9151235287828
43.45832,1.57187,1265836559,59,21.2901181314773
43.4584,1.57173,1265836619,60,14.3791086625892
43.45829,1.57165,1265836678,59,13.8290907001217
43.4584,1.57171,1265836738,60,13.1532410063644
43.45842,1.57193,1265836797,59,17.892935404209
43.45836,1.57164,1265836857,60,24.3353758180236
43.45838,1.57188,1265836917,60,19.4954571857396
43.45857,1.57181,1265836976,59,21.8659183173837
43.45845,1.57209,1265837036,60,26.2408119383589
43.4585,1.57201,1265837095,59,8.51907256289074
43.45845,1.57155,1265837344,59,43.0019779361726
43.45839,1.57167,1265837701,60,25.4784805028784
43.45844,1.57185,1265837761,60,15.5533377304578
43.45848,1.5718,1265838001,60,32.7000422579115
43.45855,1.57197,1265838061,60,15.7727884128761
43.45855,1.5722,1265838121,60,18.5610034129163
43.45858,1.57196,1265838181,60,19.6533363515589
43.45841,1.57145,1265838661,60,30.0449671407466
43.45845,1.57166,1265838721,60,17.5209785768526
43.45842,1.57171,1265838781,60,5.23527078778085
43.45842,1.57179,1265838841,60,6.4559827200088
43.45824,1.57131,1265838901,60,43.6004007565531
43.45824,1.57178,1265839146,60,19.7233529998518
43.45823,1.5715,1265839206,60,22.6237344683556
43.4582,1.57151,1265839266,60,3.43160537075064
43.45834,1.57169,1265839446,60,28.1963111739755
43.45814,1.57172,1265839626,60,30.002954581245
43.45834,1.57165,1265839686,60,22.9420851467193
43.45847,1.57186,1265839746,60,22.2731474631011
43.45858,1.57211,1265839806,60,23.5922541044158
43.45842,1.57195,1265839866,60,21.9805800166331
43.45827,1.57161,1265839926,60,32.1089200465361
43.45822,1.57167,1265839986,60,7.37147181444236
43.45838,1.57179,1265840046,60,20.2534415688983
43.45833,1.57172,1265840106,60,7.92571103552592
43.45844,1.57177,1265840166,60,12.8777281814283
43.45842,1.5718,1265840226,60,3.28813899881061
43.45824,1.5717,1265840287,61,21.5780598762217
43.45851,1.57126,1265840706,60,35.525852740219
43.4582,1.57158,1265840766,60,43.0666717234104
43.45838,1.57171,1265840826,60,22.5950423395398
43.45853,1.57196,1265840886,60,26.1753213207658
43.45846,1.57181,1265841246,60,6.4559827200088
43.45845,1.57154,1265841306,60,21.8174485597202
43.45854,1.57163,1265841366,60,12.3640876455109
43.45864,1.57161,1265841426,60,11.2343412476221
43.45849,1.57169,1265841486,60,17.8823578519879
43.45842,1.57159,1265841546,60,11.2110592776824
43.45844,1.57182,1265841726,60,32.2994459003648
43.45842,1.57167,1265841786,60,12.3074827498473
43.45819,1.57184,1265841846,60,29.0187969442812
43.45848,1.57174,1265841906,60,33.236102805451
43.45846,1.57153,1265841966,60,17.0925254121097
43.45837,1.57123,1265842026,60,26.1966538241014
43.4582,1.57161,1265842206,60,20.8990917650831
43.45829,1.5713,1265842267,61,26.9441875016793
43.45827,1.57129,1265842326,59,2.36349882004227
43.45837,1.57211,1265842926,60,24.9869718920471
43.45831,1.57161,1265843646,60,17.1950073811604
43.4583,1.57166,1265843706,60,4.18726997526648
43.45839,1.57154,1265843766,60,13.9251813124337
43.45842,1.57164,1265843826,60,8.73216061908327
43.45837,1.57157,1265843886,60,7.92571103552592
43.45833,1.57153,1265843946,60,5.4963745723242
43.4584,1.57158,1265844006,60,8.76563011938627
43.45844,1.57167,1265844066,60,8.515899132882
43.45846,1.57179,1265844126,60,9.9358579957171
43.4584,1.57171,1265844186,60,9.28329245168286
43.45831,1.57172,1265844246,60,10.0382526997317
43.45841,1.57178,1265844306,60,12.1264289759418
43.45843,1.57186,1265844366,60,6.82899317852372
43.45839,1.5718,1265844426,60,6.57422258953947
43.45838,1.57189,1265844486,60,7.34759901761551
43.45836,1.57186,1265844546,60,3.28813899881061
43.45839,1.57182,1265844606,60,4.64237407983914
43.45855,1.57179,1265844666,60,17.9522552752399
43.45852,1.5717,1265844726,60,7.99250032610248
43.45849,1.57173,1265844786,60,4.12221262697513
43.45836,1.57155,1265844846,60,20.4918166078385
43.45845,1.57165,1265844906,60,12.8546190499991
43.45839,1.5717,1265844966,60,7.79619536362264
43.45831,1.57159,1265845026,60,12.5661126523963
43.45824,1.57167,1265845086,60,10.1115843401182
43.45842,1.57156,1265845146,60,21.8926852735644
43.4584,1.57172,1265845206,60,13.1021096237894
43.4583,1.57168,1265845266,60,11.5771758477319
43.45828,1.57182,1265845326,60,11.515530352356
43.45825,1.57177,1265845386,60,5.23527078778085
43.45833,1.57181,1265845446,60,9.46161639811868
43.45839,1.57175,1265845506,60,8.24223927346577
43.45838,1.57177,1265845566,60,1.95913491541603
43.45819,1.57143,1265845626,60,34.6276060405959
43.45813,1.57168,1265845686,60,21.2494525284812
43.45828,1.5714,1265845746,60,28.0839282659223
43.4583,1.57144,1265845806,60,3.92171749523061
43.45848,1.57169,1265845866,60,28.4168903980872
43.45836,1.57169,1265845926,60,13.3416349616416
43.4583,1.57165,1265845986,60,7.41108892292766
43.4583,1.57168,1265846046,60,2.4237250024885
43.45856,1.57146,1265846106,60,33.9231209359032
43.45843,1.57169,1265846166,60,23.5249436844917
43.45836,1.57176,1265846226,60,9.61651839661592
43.45838,1.57172,1265846286,60,3.9205686106314
43.4584,1.57189,1265846346,60,13.8979798718687
43.45853,1.57169,1265846406,60,21.6655675750312
43.45856,1.57171,1265846466,60,3.70554446146368
43.45849,1.57161,1265846526,60,11.2110592776824
43.45842,1.57176,1265846586,60,14.3910090485786
43.45839,1.57174,1265846646,60,3.70554446146368
43.45834,1.57169,1265846706,60,6.86845985182257
43.45832,1.5717,1265846766,60,2.36540409952946
43.45829,1.57173,1265846826,60,4.12221262697513
43.45847,1.57182,1265846886,60,21.2892717236955
43.45831,1.57185,1265846946,60,17.9525062135934
43.45841,1.5717,1265847006,60,16.4360361370442
43.45838,1.57173,1265847066,60,4.12111963673267
43.45838,1.57174,1265847126,60,0.79416101709337
43.45841,1.57181,1265847186,60,6.55981670022035
43.45851,1.5718,1265847246,60,11.1469851947827
43.45849,1.5718,1265847306,60,2.22608062550987
43.45839,1.57174,1265847366,60,12.1260574725189
43.45842,1.57171,1265847426,60,4.12221262697513
43.45848,1.57164,1265847486,60,8.74144192616992
43.45845,1.57172,1265847546,60,7.26621682413615
43.45834,1.57174,1265847606,60,12.3356350680039
43.45848,1.57169,1265847666,60,16.0794143584969
43.45848,1.57156,1265847726,60,10.4911732045851
43.45834,1.57178,1265847786,60,23.6109597885564
43.45834,1.57194,1265847846,60,12.9126632143687
43.45835,1.57192,1265847906,60,1.95913491541603
43.45854,1.57185,1265847966,60,21.8661243421011
43.45859,1.57179,1265848026,60,7.37208292091507
43.45841,1.57202,1265848086,60,27.2946897871203
43.45826,1.57166,1265848146,60,33.4985632494425
43.45827,1.57177,1265848206,60,8.94671947060061
43.4584,1.57154,1265848266,60,23.5245606886727
43.4584,1.57162,1265848326,60,6.45528488909069
43.45838,1.57175,1265848386,60,10.7239046245488
43.45841,1.57171,1265848446,60,4.64140358247726
43.45845,1.57166,1265848506,60,6.0047936418991
43.45833,1.57167,1265848566,60,13.3652502846287
43.45837,1.57155,1265848626,60,10.6569019513841
43.45833,1.57163,1265848686,60,7.83998808412485
43.45842,1.57155,1265848746,60,11.9078763287251
43.45836,1.57163,1265848806,60,9.28329245168286
43.45836,1.5717,1265848866,60,5.6499567226584
43.45849,1.5717,1265848926,60,14.4534811648332
43.45866,1.5717,1265848986,60,18.9001264792863
43.45836,1.57178,1265849046,60,33.9724860738118
43.45837,1.57173,1265849106,60,4.18619397114355
43.4584,1.57166,1265849006,-100,6.56050341225576
43.45839,1.5717,1265849246,60,1.11101476000673
43.45829,1.57158,1265849306,60,14.7441658418326
43.45833,1.57172,1265849366,60,12.1423928705561
43.45846,1.57175,1265849426,60,14.6546764176635
43.45852,1.57181,1265849486,60,8.24223927346577
43.45858,1.5718,1265849546,60,6.71859415839449
43.45854,1.5718,1265849606,60,4.44811199029026
43.45847,1.57162,1265849666,60,16.4795587044443
43.45772,1.57204,1265849726,60,90.0087636444065
43.45826,1.57183,1265849786,60,62.3819851972142
43.45829,1.57166,1265850067,60,6.07119643527738
43.45844,1.57169,1265850127,60,16.851511871436
43.45854,1.5717,1265850187,60,11.1469851947827
43.45856,1.57173,1265850247,60,3.28813899881061
43.45836,1.57168,1265850307,60,22.5988301926994
43.4581,1.57162,1265850367,60,29.3090454273654
43.45823,1.57169,1265850427,60,15.5182511536706
43.45823,1.57165,1265850487,60,3.22868907780343
43.45804,1.57149,1265850547,60,24.7576706106263
43.458,1.57172,1265850607,60,19.0867901401522
43.45813,1.57172,1265850667,60,14.4528577803399
43.45784,1.57181,1265850727,60,33.0494774857294
43.45829,1.57168,1265850787,60,51.1180487607779
43.45801,1.57173,1265850847,60,31.3901049012678
43.45824,1.57176,1265850907,60,25.6853962353677
43.45847,1.57176,1265850967,60,25.5707867864902
43.45843,1.57166,1265851027,60,9.21363693967486
43.45839,1.57161,1265851087,60,6.0047936418991
43.4585,1.57155,1265851147,60,13.1532410063644
43.45862,1.57155,1265851207,60,13.340959623889
43.45854,1.57156,1265851267,60,8.93059197759462
43.45845,1.57166,1265851327,60,12.8546190499991
43.45843,1.57162,1265851387,60,3.9205686106314
43.45826,1.57168,1265851447,60,19.5107022701685
43.45836,1.57167,1265851507,60,11.1473893273014
43.4584,1.57194,1265851567,60,22.2385343073073
43.45839,1.57166,1265851627,60,22.6235353429328
43.45819,1.57142,1265851687,60,29.4880261415301
43.45823,1.57154,1265851747,60,10.6564792178132
43.45829,1.57161,1265851807,60,8.74144192616992
43.45834,1.57165,1265851867,60,6.42871118449091
43.45832,1.57173,1265851927,60,6.82833346802819
43.45834,1.57171,1265851987,60,2.74777744538932
43.45835,1.5717,1265852047,60,1.37552723099629
43.45835,1.5717,1265852107,60,0
43.4583,1.57167,1265852167,60,6.06451459064603
43.45864,1.57135,1265852227,60,45.7793900090454
43.45824,1.57164,1265852287,60,50.2531566172492
43.45823,1.5716,1265852347,60,3.41449658926174
43.45832,1.57163,1265852407,60,10.2952536960889
43.45833,1.57174,1265852467,60,8.94671947060061
43.4588,1.57177,1265852527,60,52.3094930344973
43.45877,1.57181,1265852587,60,4.64237407983914
43.45881,1.57159,1265852647,60,18.3029072168286
43.45877,1.57183,1265852707,60,19.872396083252
43.45881,1.57174,1265852767,60,8.51695707426541
43.45867,1.57171,1265852827,60,15.7522107284288
43.45854,1.57173,1265852887,60,14.5429695633427
43.45831,1.57093,1265852947,60,69.4402876829752
43.45843,1.57163,1265853127,60,40.4380943496889
43.45871,1.57161,1265853187,60,31.1714883386571
43.45849,1.57176,1265853247,60,27.2905632688644
43.45839,1.57167,1265853307,60,13.2800385908668
43.45841,1.5718,1265853367,60,10.7239046245488
43.45847,1.57193,1265853427,60,12.4320356816294
43.4584,1.57187,1265853487,60,9.1655953023599
43.45829,1.57165,1265853547,60,21.5584261749142
43.45837,1.5717,1265853607,60,9.7671197265539
43.45839,1.57161,1265853667,60,7.59600438363836
43.45848,1.57187,1265853727,60,23.2458094445496
43.45841,1.57162,1265853787,60,21.6243580659815
43.45836,1.57169,1265853847,60,7.92571103552592
43.45836,1.57173,1265853907,60,3.23008406126787
43.45843,1.57176,1265853967,60,8.15100410219198
43.45841,1.57186,1265854027,60,8.3713117307088
43.45843,1.57169,1265854087,60,13.898628143897
43.45838,1.5718,1265854147,60,10.4739830026319
43.45842,1.57177,1265854207,60,5.06380522950806
43.45847,1.57179,1265854267,60,5.78780962632584
43.45862,1.57182,1265854327,60,16.851511871436
43.45844,1.57168,1265854387,60,22.9811278518595
43.45849,1.57167,1265854447,60,5.61636857188614
43.45845,1.57175,1265854507,60,7.83941345238851
43.45843,1.57166,1265854567,60,7.59600438363836
43.45842,1.5718,1265854627,60,11.353209591276
43.45841,1.57185,1265854687,60,4.18619397114355
43.45844,1.57167,1265854747,60,14.9040136930032
43.45839,1.57165,1265854807,60,5.78780962632584
43.45845,1.57164,1265854867,60,6.71926464331791
43.45837,1.57172,1265854927,60,10.9906999025787
43.45839,1.57169,1265854987,60,3.28813899881061
43.45843,1.57173,1265855047,60,5.49555489077877
43.4584,1.5719,1265855107,60,14.1185914093923
43.45839,1.57176,1265855167,60,11.3528127854603
43.4584,1.57178,1265855227,60,1.95913491541603
43.45843,1.57183,1265855287,60,5.23527078778085
43.45845,1.57187,1265855347,60,3.9205686106314
43.45844,1.57177,1265855407,60,8.14547537327654
43.45847,1.5718,1265855467,60,4.12221262697513
43.45843,1.57176,1265855527,60,5.49555489077877
43.45841,1.57181,1265855587,60,4.60730738663021
43.45841,1.57182,1265855647,60,0.805426275043186
43.45844,1.57182,1265855707,60,3.33439560554909
43.45842,1.57158,1265855767,60,19.4954571857396
43.45845,1.5715,1265855827,60,7.26621682413615
43.4584,1.5717,1265855887,60,17.0703718441729
43.4585,1.57175,1265855947,60,11.8274013939469
43.45839,1.57173,1265856007,60,12.3356350680039
43.45837,1.57165,1265856067,60,6.82833346802819
43.45833,1.57158,1265856127,60,7.19018089927853
43.45846,1.57177,1265856187,60,21.0712591401772
43.45836,1.57169,1265856247,60,12.8563711959964
43.45835,1.5721,1265856307,60,33.1061334631403
43.45845,1.57196,1265856367,60,15.8511378706072
43.45848,1.57177,1265856427,60,15.6914641734338
43.45849,1.57179,1265856487,60,1.95913491541603
43.45839,1.57188,1265856547,60,13.2800385908668
43.4583,1.57171,1265856607,60,16.9804073894082
43.4584,1.57165,1265856667,60,12.1260574725189
43.45835,1.57171,1265856727,60,7.37208292091507
43.45842,1.57154,1265856787,60,15.7727884128761
43.45872,1.57224,1265915563,61,55.9623966589564
43.45848,1.57197,1265915623,60,34.4490431219047
43.76481,1.38063,1266716643,0,0.0949203968048096
43.56285,1.48011,1270560717,59,1.37552723099629
43.56284,1.48015,1270560777,60,3.4092150755213
43.56286,1.48012,1270560838,61,3.28539774031092
43.56286,1.48008,1270560897,59,3.22450050642552
43.56286,1.48009,1270560957,60,0.816536127791726
43.56279,1.48001,1270561016,59,10.1048992890271
43.56281,1.48008,1270561076,60,6.06154251764683
43.56281,1.48008,1270561136,60,0
43.56283,1.48009,1270561196,60,2.36349882004227
43.56285,1.48008,1270561256,60,2.36349882004227
43.56279,1.48014,1270561316,60,8.23786557229631
43.56279,1.48009,1270561376,60,4.02824986749564
43.56288,1.4801,1270561436,60,10.0382526997317
43.56283,1.48005,1270561496,60,6.86517962819988
43.56278,1.48,1270561556,60,6.86517962819988
43.5628,1.48009,1270561616,60,7.58413376475267
43.5628,1.4801,1270561676,60,0.805426275043186
43.56293,1.48009,1270561736,60,14.4755939216666
43.56289,1.48009,1270561796,60,4.44709909901212
43.56287,1.48025,1270561856,60,13.08008578577
43.56285,1.4801,1270561916,60,12.2869678220841
43.56285,1.4801,1270561976,60,0.0949203968048096
43.56299,1.48008,1270562036,60,15.6483406675186
43.56291,1.48006,1270562096,60,9.03889415381483
43.56281,1.48004,1270562156,60,11.2335392243302
43.56286,1.4801,1270562216,60,7.3659695747099
43.56287,1.48007,1270562276,60,2.66115896546072
43.56287,1.48008,1270562336,60,0.805426275043186
43.56286,1.4801,1270562396,60,1.95913491541603
43.56282,1.48004,1270562456,60,6.56873835701913
43.56295,1.48047,1270562516,60,37.5354665028398
43.56288,1.48032,1270562576,60,14.3731547747071
43.56283,1.48015,1270562639,63,14.7807852355352
43.56288,1.48,1270562699,60,13.3013926911386
43.5628,1.48001,1270562759,60,8.93059197759462
43.56284,1.48007,1270562819,60,6.56805250597503
43.56289,1.48028,1270562879,60,17.8076331205074
43.56292,1.48012,1270562939,60,13.3145947332741
43.56289,1.4801,1270562999,60,3.70311220359645
43.4583,1.57198,1274293031,60,53.3670463348043
43.45853,1.57169,1274293091,60,34.6638840452895
43.45851,1.57153,1274293150,59,13.1021096237894
43.45852,1.57172,1274308172,60,23.4028350970235
43.45842,1.57194,1274308231,59,20.9479660052708
43.45833,1.57191,1274309255,60,57.9023756868532
43.4583,1.57186,1274309318,63,5.23527078778085
43.4588,1.57166,1274309375,57,57.8844783805094
43.45829,1.57184,1274309556,61,36.0647546294995
43.45843,1.57159,1274309616,60,25.4814861561283
43.45836,1.57166,1274309682,66,9.61651839661592
43.45832,1.57167,1274309736,54,4.52044375727582
43.45837,1.57183,1274309796,60,14.0581561998177
43.45842,1.57182,1274309856,60,5.61717062381053
43.45837,1.57168,1274309916,60,12.5918981363909
43.4585,1.57186,1274310227,60,12.8780780008696
43.45838,1.57168,1274981562,60,13.1024534525228
43.45843,1.57187,1274981922,61,7.18955433129344
43.45839,1.57176,1274981980,58,9.92860090865688
43.45838,1.57179,1274982040,60,2.66454251287367
43.45838,1.57167,1274982106,66,9.68374147948574
43.45838,1.57179,1274982160,54,9.68374147948574
43.45836,1.57177,1274982401,60,1.11506218601582
43.45837,1.57176,1274982460,59,1.37552723099629
43.4584,1.57181,1274982520,60,5.23527078778085
43.45859,1.57173,1274982578,58,22.0881211436686
43.45852,1.57192,1274982755,60,13.7191992962801
43.4585,1.5719,1274982815,60,2.74777744538932
43.45843,1.57175,1274982875,60,14.3910090485786
43.45836,1.57162,1274982935,60,13.0625089548254
43.45838,1.57169,1274982995,60,6.07119643527738
43.45837,1.57166,1274983180,60,6.56050341225576
43.45835,1.57172,1274986128,60,6.4559827200088
43.45859,1.57173,1274986187,59,26.6947479058556
43.45859,1.57173,1274986487,59,22.468682495253
43.45849,1.57172,1274987508,59,36.7683931354655
43.45859,1.57173,1274987567,59,11.1465810476116
43.45859,1.57173,1274989187,48,35.6590045920985
43.45859,1.57173,1274990747,59,24.0208625125093
43.45859,1.57173,1274991889,56,18.0146309986646
43.45851,1.57167,1274992198,59,65.6394275798183
43.45839,1.57168,1274992258,60,13.3659243950513
43.45859,1.57173,1274992307,49,22.5986308478353
43.45851,1.57185,1274994038,60,45.4295008613768
43.45907,1.57126,1274994098,60,78.378962222328
43.45904,1.57136,1274994158,60,8.7316447016435
43.45839,1.57208,1274994218,60,92.7275116740581
43.45833,1.57126,1274995719,61,23.6932414634219
43.45834,1.57151,1274995779,60,20.2057858222501
43.45859,1.57172,1274995839,60,32.5536831869422
43.4585,1.57182,1274995899,60,12.8546190499991
43.45841,1.57168,1274995959,60,15.0923430919682
43.45838,1.57153,1274996019,60,12.5560706633997
43.45824,1.57177,1274996079,60,24.8472156540117
43.45849,1.57174,1274996139,60,27.8996543395266
43.45855,1.5717,1274996199,60,7.41048103309168
43.45856,1.57167,1274996259,60,2.66454251287367
43.45807,1.57204,1274996983,60,31.7286956109963
43.49854,1.58672,1275001726,60,49.0270970773294
43.45859,1.57173,1275006648,63,60.3142754859905
43.45847,1.57185,1275007104,59,13.4385292866377
43.45832,1.57178,1275007164,60,17.6076696446501
43.45835,1.57175,1275007374,59,17.2723826911668
43.45848,1.57162,1275007434,60,17.8594183306501
43.45838,1.57162,1275007494,60,11.1178490477328
43.45826,1.57172,1275007552,58,15.5921018053836
43.45844,1.57156,1275007612,60,23.8161309705166
43.45859,1.57173,1275008199,30,29.9419316615015
43.45859,1.57173,1275008854,51,14.2266645132802
43.45859,1.57173,1275011551,52,39.9365654979984
43.45829,1.57211,1275014432,60,19.214054852371
43.45833,1.57235,1275014492,60,19.8721693885676
43.45859,1.57173,1275014553,61,57.7841510253097
43.56304,1.4772,1275035131,60,40.2969226399032
43.56308,1.47722,1275035191,60,4.72890330339126
43.56269,1.47662,1275035263,72,64.934293494347
43.5631,1.47717,1275047462,60,61.1953204265855
43.56269,1.47663,1275047553,91,63.0103443322756
43.56343,1.47744,1275065418,60,33.4405514420954
43.56269,1.47751,1275068683,25,34.6169364589197
43.4579,1.57393,1275070244,60,81.8507228247249
43.45825,1.57157,1275074742,60,15.0759171034652
43.45859,1.57173,1275074803,61,39.9446864458898
43.4584,1.57168,1275252503,65,80.6031236207226
43.45826,1.57192,1275252563,60,24.8473969590115
43.45842,1.57181,1275252623,60,19.8805553703089
43.45857,1.57157,1275253290,60,6.56050341225576
43.45837,1.57144,1275263786,60,49.3193447903309
43.45849,1.57178,1275276978,59,45.3153195346202
43.45857,1.57169,1275277037,59,11.4830143739558
43.45859,1.57173,1275279080,59,85.2225538345821
43.45823,1.57181,1275280207,60,50.2050839396836
43.4583,1.57188,1275280267,60,9.61651839661592
43.45875,1.57207,1275280327,60,52.3268865654696
43.45867,1.57163,1275280387,60,36.6050760286567
43.45849,1.57189,1275281591,60,20.2534415688983
43.45839,1.57174,1275281652,61,16.4357620455059
43.45835,1.57205,1275281710,58,25.4092523498681
43.45819,1.57182,1275281770,60,25.7088876445406
43.4584,1.57164,1275281829,59,27.4972774082455
43.45859,1.57173,1275281894,65,22.3373731737432
43.45868,1.57154,1275294075,59,46.1451777352237
43.55053,1.50438,1275294972,59,65.325510810658
43.55056,1.50425,1275295034,62,10.9935687345215
43.55036,1.50387,1275295092,58,37.841584965424
43.56317,1.47778,1275480483,59,44.1913322398339
43.56289,1.47712,1275480525,42,61.6127703415014
