"latitude","longitude","time","duree","distance","speed"
43.50574,1.55672,1254562533,58,242.971705855852,4.18916734234228
43.5061,1.55612,1254562593,60,62.7914029499592,1.04652338249932
43.50603,1.55655,1254564213,60,36.1307729493984,0.60217954915664
43.50594,1.55612,1254564273,60,36.0887298720541,0.601478831200902
43.50593,1.55691,1254564514,60,73.6453220198577,1.2274220336643
43.50594,1.55691,1254564574,60,1.11506218601582,0.0185843697669304
43.49547,1.56262,1254564694,60,1214.38714194521,20.2397856990867
43.48887,1.56858,1254564754,60,877.211930662079,14.620198844368
43.48279,1.57219,1254564814,60,736.014122157105,12.2669020359517
43.4708,1.57253,1254564874,60,1333.3000952631,22.221668254385
43.46336,1.56978,1254564934,60,856.406391902419,14.2734398650403
43.46011,1.57076,1254564994,60,369.87983150503,6.16466385841716
43.45834,1.5716,1254565054,60,208.132575499802,3.46887625833004
43.45823,1.57133,1254565114,60,24.9866113062674,0.416443521771124
43.45856,1.57187,1254565295,60,5.78936611677386,0.0964894352795643
43.45861,1.57183,1254565355,60,6.42871118449091,0.107145186408182
43.45854,1.57162,1254565415,60,18.6488990227877,0.310814983713129
43.45822,1.57129,1254565475,60,44.4401849186699,0.740669748644498
43.45887,1.57131,1254565713,60,33.0254783901055,0.550424639835091
43.45866,1.57143,1254565773,60,25.2759311140475,0.421265518567458
43.45859,1.57157,1254565833,60,13.7191992962801,0.228653321604668
43.4588,1.57183,1254565893,60,31.3901049012678,0.52316841502113
43.45831,1.57179,1254565953,60,54.572542055885,0.909542367598083
43.4584,1.57176,1254566073,60,8.51960135296995,0.141993355882833
43.45842,1.57173,1254566133,60,3.28813899881061,0.0548023166468435
43.45844,1.57176,1254566193,60,3.28813899881061,0.0548023166468435
43.45846,1.57165,1254566253,60,9.15083825639784,0.152513970939964
43.45853,1.57174,1254566313,60,10.6454822528017,0.177424704213361
43.45841,1.57168,1254566373,60,14.1930594203677,0.236550990339462
43.45849,1.57182,1254566433,60,14.3791086625892,0.239651811043153
43.45847,1.57176,1254566493,60,5.3273940579036,0.0887899009650599
43.45848,1.5718,1254566553,60,3.41449658926174,0.0569082764876956
43.45838,1.57175,1254566613,60,11.8274013939469,0.197123356565782
43.45843,1.57171,1254566673,60,6.42801039294966,0.107133506549161
43.45836,1.57159,1254566733,60,12.424061082885,0.207067684714749
43.45846,1.57146,1254566793,60,15.2863103022552,0.25477183837092
43.45844,1.57169,1254566853,60,18.6937763109501,0.311562938515834
43.45858,1.57155,1254566913,60,19.2330367932373,0.320550613220622
43.45849,1.57175,1254566973,60,18.9900109591018,0.316500182651697
43.45855,1.57177,1254567033,60,6.86255432040667,0.114375905340111
43.45877,1.57168,1254567093,60,25.5147015363716,0.425245025606194
43.45844,1.57215,1254567273,60,79.2116256401932,1.32019376066989
43.45863,1.57175,1254567453,60,38.4677131567197,0.641128552611995
43.45868,1.57219,1254567513,60,35.9408784474402,0.59901464079067
43.45854,1.57203,1254567573,60,20.2236141980857,0.337060236634761
43.45855,1.57178,1254567633,60,20.2057858222501,0.336763097037502
43.45861,1.57173,1254567693,60,7.79619536362264,0.129936589393711
43.45822,1.57219,1254567813,60,49.098899940248,0.818314999004134
43.45847,1.57196,1254567934,61,7.41108892292766,0.121493261031601
43.45838,1.57183,1254567994,60,14.4973622120047,0.241622703533412
43.45866,1.57184,1254570514,60,15.1902294615558,0.25317049102593
43.45864,1.57182,1254570574,60,2.74777744538932,0.0457962907564887
43.4585,1.57167,1254570634,60,19.7180989519016,0.328634982531694
43.45847,1.57184,1254570694,60,14.1185914093923,0.235309856823204
43.45841,1.57175,1254570753,59,9.86167649992297,0.167147059320728
43.45842,1.57159,1254570813,60,12.9600237346594,0.216000395577657
43.45858,1.57191,1254570873,60,31.3579411346657,0.522632352244429
43.45852,1.57178,1254570933,60,12.4320356816294,0.207200594693824
43.45853,1.57182,1254571053,60,13.7539622216432,0.229232703694053
43.45874,1.57189,1254571113,60,24.021050054621,0.400350834243683
43.45877,1.57203,1254571173,60,11.7800763324806,0.196334605541343
43.45883,1.57194,1254571233,60,9.86167649992297,0.164361274998716
43.4585,1.57174,1254571473,60,23.8373069191659,0.397288448652765
43.45839,1.57177,1254571533,60,12.4671355858945,0.207785593098242
43.45841,1.57168,1254571593,60,7.59600438363836,0.126600073060639
43.45829,1.57158,1254571773,60,19.7020997499229,0.328368329165382
43.45868,1.57181,1254571833,60,47.1650272876427,0.786083788127379
43.45849,1.57175,1254571893,60,21.6713888580467,0.361189814300778
43.4585,1.57176,1254572073,60,25.5584515407148,0.425974192345247
43.45864,1.5718,1254572253,60,16.9721810259216,0.28286968376536
43.45852,1.57173,1254572313,60,14.4880369496414,0.241467282494023
43.4585,1.57179,1254572433,60,8.76614403666865,0.146102400611144
43.45846,1.57175,1254572493,60,5.49555489077877,0.0915925815129794
43.45865,1.57168,1254572553,60,21.8659183173837,0.364431971956394
43.45847,1.5716,1254572673,60,15.5854551242389,0.259757585403982
43.4586,1.5718,1254572733,60,21.665359643138,0.361089327385633
43.45869,1.57175,1254572793,60,10.7892387102257,0.179820645170429
43.45847,1.57173,1254572913,60,24.4721645664229,0.407869409440382
43.45855,1.57177,1254573033,60,3.70554446146368,0.0617590743577279
43.45861,1.57175,1254573093,60,6.86321074150152,0.114386845691692
43.45883,1.57188,1254573153,60,26.6141288073113,0.443568813455189
43.45871,1.57205,1254573213,60,19.1365264063036,0.318942106771727
43.45859,1.57181,1254573273,60,23.5184319073296,0.39197386512216
43.45873,1.57145,1254573333,60,32.9588440424003,0.549314067373339
43.45855,1.57169,1254573393,60,27.8495538371602,0.464159230619337
43.45856,1.57178,1254573453,60,7.34759901761551,0.122459983626925
43.45855,1.57218,1254573513,60,32.2994459003648,0.538324098339414
43.45881,1.57191,1254573573,60,36.1985376718715,0.603308961197858
43.45854,1.57181,1254573634,61,31.0837851124808,0.509570247745588
43.45855,1.57178,1254573694,60,2.66454251287367,0.0444090418812278
43.45848,1.57183,1254573754,60,8.76614403666865,0.146102400611144
43.45855,1.57181,1254573814,60,7.94784755805691,0.132464125967615
43.4586,1.5715,1254573874,60,25.6272766581887,0.427121277636478
43.45859,1.5716,1254574054,60,3.22729349136356,0.0537882248560593
43.45864,1.57143,1254574114,60,14.8027133885496,0.24671188980916
43.45853,1.57168,1254574174,60,23.5922541044158,0.393204235073597
43.45857,1.57148,1254574230,56,16.7415471460679,0.298956199036927
43.45854,1.57155,1254574290,60,6.56050341225576,0.109341723537596
43.45831,1.57194,1254574350,60,40.5516776950141,0.675861294916902
43.45852,1.57178,1254574770,60,41.211852243288,0.6868642040548
43.45843,1.57175,1254574830,60,10.2952536960889,0.171587561601481
43.45866,1.57158,1254575010,60,18.4287406491903,0.307145677486505
43.45865,1.5715,1254575190,60,4.44608597698074,0.0741014329496791
43.45872,1.57163,1254575250,60,13.0625089548254,0.217708482580423
43.45863,1.57167,1254575310,60,10.5143353961153,0.175238923268588
43.45877,1.57129,1254575370,60,34.3902767525684,0.573171279209474
43.45874,1.57152,1254575490,60,14.6546764176635,0.244244606961059
43.45847,1.57156,1254575550,60,30.1909538613249,0.503182564355415
43.45846,1.57179,1254575730,60,3.33574638365009,0.0555957730608348
43.45845,1.57175,1254575790,60,3.41449658926174,0.0569082764876956
43.45837,1.5718,1254575850,60,9.7671197265539,0.162785328775898
43.45838,1.57179,1254575909,59,1.37552723099629,0.023314020864344
43.45838,1.57168,1254576149,60,10.0058885552029,0.166764809253382
43.4584,1.57218,1254576329,60,74.8294278850364,1.24715713141727
43.45836,1.57194,1254576449,60,8.24278582293578,0.137379763715596
43.45861,1.57177,1254576569,60,11.8056706914496,0.196761178190826
43.45833,1.57191,1254576749,60,25.7739903764051,0.429566506273419
43.45861,1.57174,1254576809,60,34.0188663632506,0.566981106054177
43.45833,1.57201,1254576869,60,37.9978097680627,0.633296829467711
43.45855,1.57177,1254576929,60,31.198935282725,0.519982254712083
43.45834,1.57185,1254576989,60,24.223491852363,0.40372486420605
43.45833,1.57178,1254577049,60,5.75815636856675,0.0959692728094459
43.45849,1.57181,1254577169,60,7.82388244229112,0.130398040704852
43.4586,1.57174,1254577229,60,13.47134135108,0.224522355851334
43.45829,1.57188,1254577529,60,42.860422022768,0.714340367046134
43.45829,1.57185,1254577589,60,2.4237250024885,0.0403954167081416
43.45824,1.57188,1254577649,60,6.06377170896373,0.101062861816062
43.45813,1.57198,1254586409,60,25.5961434565679,0.426602390942798
43.45841,1.57182,1254586469,60,33.701419715404,0.561690328590066
43.45877,1.57164,1254586955,60,15.9646965009224,0.266078275015373
43.45924,1.57215,1254587075,61,48.6877796070502,0.798160321427053
43.45932,1.57253,1254587135,60,31.9298162712071,0.532163604520119
43.45966,1.57228,1254587195,60,42.8472816028458,0.714121360047431
43.45993,1.57191,1254587255,60,42.3391788881685,0.705652981469475
43.46029,1.57182,1254587315,60,40.6775709653791,0.677959516089651
43.46068,1.57153,1254587432,57,27.0677956710053,0.474873608263251
43.46104,1.57119,1254587492,60,48.5254012891631,0.808756688152719
43.46152,1.571,1254587552,60,55.524132151653,0.92540220252755
43.46223,1.57052,1254587794,60,36.6166426634983,0.610277377724972
43.46237,1.5702,1254587854,60,30.1506389151151,0.502510648585252
43.46256,1.57012,1254587914,60,22.0879171896232,0.368131953160387
43.46276,1.57051,1254587974,60,38.5337063984661,0.642228439974434
43.46293,1.57042,1254588032,58,20.2474351110969,0.349093708812015
43.46316,1.57026,1254588092,60,28.6456799277502,0.477427998795836
43.4632,1.57051,1254588212,60,24.863346621702,0.4143891103617
43.46316,1.57065,1254588272,60,12.141279791593,0.202354663193216
43.46295,1.57087,1254588332,60,29.3302490194348,0.488837483657247
43.46228,1.57145,1254588512,60,34.7304898674432,0.57884149779072
43.46204,1.57155,1254588574,62,27.8762314421134,0.449616636163119
43.46197,1.57164,1254588692,60,13.7260932842296,0.228768221403826
43.4619,1.57161,1254588752,60,8.15100410219198,0.135850068369866
43.46192,1.57154,1254588812,60,6.0704543712967,0.101174239521612
43.46196,1.57155,1254588872,60,4.51845017669054,0.0753075029448424
43.46188,1.57163,1254588932,60,10.9902900083125,0.183171500138541
43.46191,1.57162,1254588992,60,3.43160537075064,0.0571934228458439
43.46192,1.57167,1254589052,60,4.1851176903773,0.0697519615062883
43.46189,1.57165,1254589112,60,3.70554446146368,0.0617590743577279
43.46172,1.5715,1254589172,60,22.4440076104904,0.374066793508173
43.46179,1.5716,1254589233,61,11.211461100563,0.183794444271525
43.46192,1.5716,1254589413,60,17.7249704064843,0.295416173441405
43.46208,1.57168,1254589534,60,18.4355840320709,0.307259733867849
43.46195,1.57166,1254589594,60,14.5426597924376,0.242377663207294
43.46191,1.57158,1254589654,60,7.83941345238851,0.130656890873142
43.46193,1.57163,1254589714,60,4.60730738663021,0.0767884564438368
43.46177,1.57158,1254589774,60,18.2402824163586,0.30400470693931
43.46185,1.57158,1254589833,59,8.89419819802478,0.15074912200042
43.46185,1.57157,1254589893,60,0.805426275043186,0.0134237712507198
43.46185,1.57159,1254589953,60,1.61364674568177,0.0268941124280295
43.46183,1.57158,1254590013,60,2.36349882004227,0.0393916470007045
43.46183,1.57158,1254590073,60,0,0
43.46185,1.5716,1254590133,60,2.74613747064139,0.0457689578440231
43.46186,1.57157,1254590193,60,2.66454251287367,0.0444090418812278
43.46191,1.5716,1254590253,60,6.06451459064603,0.101075243177434
43.46192,1.57161,1254590313,60,1.36896143106852,0.022816023851142
43.46192,1.57161,1254590373,60,0,0
43.46195,1.57162,1254590433,60,3.43029234014173,0.0571715390023622
43.46194,1.57163,1254590493,60,1.37552723099629,0.0229254538499382
43.4619,1.57165,1254590553,60,4.73080819905901,0.0788468033176502
43.46188,1.57167,1254590613,60,2.74777744538932,0.0457962907564887
43.462,1.57151,1254590673,60,18.5656143299152,0.309426905498586
43.46203,1.5714,1254590734,61,9.48254289002955,0.15545152278737
43.46228,1.5713,1254590794,60,28.9423170164805,0.482371950274675
43.4625,1.57109,1254590853,59,29.7559926288998,0.504338858116946
43.46272,1.57089,1254590913,60,29.3038189982904,0.488396983304839
43.46302,1.57076,1254590973,60,34.9642216072336,0.582737026787227
43.46337,1.57046,1254591095,62,29.0856293574488,0.4691230541524
43.46326,1.57025,1254591155,60,20.8980139534051,0.348300232556752
43.463,1.5704,1254591215,60,31.3379657706869,0.522299429511448
43.4627,1.57042,1254591275,60,33.3922886770617,0.556538144617695
43.46255,1.57031,1254591333,58,18.8917822100638,0.325720382932135
43.46218,1.57035,1254591393,60,41.2621050228686,0.687701750381144
43.46211,1.57076,1254591453,60,33.9882624734063,0.566471041223439
43.46165,1.57095,1254591513,60,53.3905083476642,0.889841805794403
43.46161,1.57092,1254591573,60,5.06380522950806,0.0843967538251343
43.46133,1.5712,1254591633,60,38.4654880087957,0.641091466813261
43.46129,1.57128,1254591697,64,7.83883877852839,0.122481855914506
43.46106,1.5715,1254591756,59,31.1295489775462,0.527619474195698
43.46099,1.57154,1254591816,60,8.4249539028805,0.140415898381342
43.46089,1.57164,1254591877,61,13.7379035005214,0.225211532795433
43.46084,1.57161,1254591936,59,6.06302873625875,0.10276319891964
43.46084,1.57237,1254591996,60,61.3301831499367,1.02216971916561
43.4603,1.57208,1254592056,60,64.4357799532878,1.07392966588813
43.46015,1.57217,1254592116,60,18.189333879838,0.303155564663967
43.46018,1.5727,1254592177,61,42.9001341637015,0.703280887929532
43.45967,1.57232,1254592238,61,64.4618524716264,1.05675167986273
43.45938,1.57236,1254592298,60,32.4024924650946,0.54004154108491
43.45905,1.57199,1254592358,60,47.3033204706826,0.788388674511376
43.45888,1.57182,1254592418,60,23.3542758479602,0.389237930799337
43.45863,1.57176,1254592477,59,28.212922420755,0.478185125775508
43.4587,1.57211,1254592538,61,29.2976690645413,0.480289656795759
43.4582,1.57193,1254592598,60,57.4554659447133,0.957591099078556
43.45842,1.57197,1254592658,60,24.6712701360193,0.411187835600321
43.45842,1.57159,1254592718,60,30.666487167137,0.511108119452284
43.4584,1.57174,1254592778,60,12.307848777082,0.205130812951366
43.45852,1.57169,1254592838,60,13.9381157210484,0.232301928684139
43.45853,1.57172,1254592898,60,2.66454251287367,0.0444090418812278
43.45835,1.57168,1254592958,60,20.2707835605752,0.337846392676254
43.4583,1.57203,1254593018,60,28.7873392609486,0.479788987682476
43.45803,1.57299,1254593198,60,29.0673471282605,0.484455785471009
43.45775,1.57322,1254593258,60,36.2434366042501,0.604057276737501
43.45766,1.57345,1254593318,60,21.0868604376935,0.351447673961558
43.45772,1.57362,1254593378,60,15.2550396654187,0.254250661090312
43.45768,1.57348,1254593436,58,12.1416508292519,0.209338807400895
43.45767,1.57353,1254593496,60,4.1851176903773,0.0697519615062883
43.45761,1.57351,1254593556,60,6.86321074150152,0.114386845691692
43.45761,1.57353,1254593616,60,1.61364674568177,0.0268941124280295
43.45768,1.57358,1254593676,60,8.76665792382427,0.146110965397071
43.45768,1.5736,1254593736,60,1.61085255008637,0.0268475425014396
43.45762,1.57357,1254593795,59,7.09621229858872,0.120274784721843
43.45765,1.57352,1254593855,60,5.23527078778085,0.0872545131296808
43.45766,1.57352,1254593915,60,1.11506218601582,0.0185843697669304
43.45759,1.57354,1254593975,60,7.94841435053814,0.132473572508969
43.45771,1.57362,1254594035,60,14.8209620661859,0.247016034436431
43.45772,1.57359,1254594095,60,2.66454251287367,0.0444090418812278
43.45768,1.57355,1254594155,60,5.49555489077877,0.0915925815129794
43.45768,1.57354,1254594215,60,0.805426275043186,0.0134237712507198
43.45767,1.57354,1254594277,62,1.11101476000673,0.0179195929033343
43.45767,1.57352,1254594337,60,1.61085255008637,0.0268475425014396
43.45767,1.57352,1254594397,60,0,0
43.45762,1.57351,1254594457,60,5.61636857188614,0.093606142864769
43.45764,1.5735,1254594517,60,2.36349882004227,0.0393916470007045
43.45764,1.57351,1254594577,60,0.805426275043186,0.0134237712507198
43.45765,1.57354,1254594633,56,2.66454251287367,0.0475811163013155
43.45766,1.57352,1254594693,60,1.96143302167873,0.0326905503613122
43.45764,1.57352,1254594753,60,2.22608062550987,0.0371013437584979
43.45768,1.57353,1254594813,60,4.51845017669054,0.0753075029448424
43.45771,1.57352,1254594933,60,1.11101476000673,0.0185169126667788
43.45771,1.57353,1254594993,60,0.805426275043186,0.0134237712507198
43.45767,1.57352,1254595053,60,4.51944707690713,0.0753241179484521
43.45769,1.57343,1254595113,60,7.59541129330885,0.126590188221814
43.45783,1.57332,1254595173,60,17.9185977497017,0.298643295828361
43.45797,1.57301,1254595233,60,29.4641840914311,0.491069734857185
43.45804,1.57273,1254595293,60,23.8990257643297,0.398317096072161
43.45774,1.57224,1254595353,60,51.7315291757572,0.862192152929287
43.45805,1.57177,1254595413,60,51.2494552413163,0.854157587355271
43.45746,1.57174,1254595835,58,24.7128675624418,0.426083923490375
43.45821,1.57181,1254595895,60,83.5742695706675,1.39290449284446
43.45793,1.57421,1254654179,60,21.1235741004275,0.352059568340459
43.4581,1.57416,1254654237,58,19.3260352172503,0.333207503745695
43.45807,1.57457,1254654297,60,33.2552089606784,0.554253482677974
43.45827,1.57469,1254654357,60,24.2528579518945,0.404214299198242
43.45811,1.57464,1254654417,60,18.2400354371035,0.304000590618391
43.45817,1.57456,1254654476,59,9.28280716495513,0.157335714660256
43.45808,1.57452,1254654536,60,10.5134784471431,0.175224640785719
43.45814,1.57467,1254654596,60,13.8212702900523,0.230354504834205
43.45805,1.57463,1254654656,60,10.51390693036,0.175231782172667
43.45812,1.57466,1254654716,60,8.15045139806507,0.135840856634418
43.45812,1.57468,1254654776,60,1.61085255008637,0.0268475425014396
43.4581,1.57462,1254654836,60,5.32908502574745,0.0888180837624575
43.45815,1.57459,1254654896,60,6.06451459064603,0.101075243177434
43.4585,1.5749,1254654956,60,46.2602322589974,0.77100387098329
43.45823,1.57464,1254655016,60,36.6242697212321,0.610404495353869
43.45832,1.57459,1254655076,60,10.7892387102257,0.179820645170429
43.45814,1.57461,1254655137,61,20.0769541718458,0.329130396259767
43.45815,1.57459,1254655197,60,1.96143302167873,0.0326905503613122
43.45793,1.57451,1254655257,60,25.2969535661148,0.42161589276858
43.45786,1.57454,1254655317,60,8.15045139806507,0.135840856634418
43.45791,1.57435,1254655377,60,16.3097439644017,0.271829066073362
43.45803,1.57443,1254655439,62,14.8215699684878,0.2390575801369
43.4585,1.5748,1254655499,60,60.1831246683489,1.00305207780582
43.45833,1.5745,1254655558,59,30.7140462468327,0.520577055031062
43.4581,1.57446,1254655618,60,25.7739903764051,0.429566506273419
43.45789,1.57429,1254655678,60,27.0797761063829,0.451329601773048
43.45798,1.57397,1254655736,58,27.6952929467089,0.477505050805326
43.45766,1.57322,1254655856,60,24.0547838160715,0.400913063601192
43.45797,1.57294,1254655916,60,41.2121801773188,0.686869669621981
43.45856,1.57184,1254658677,60,15.1917122307976,0.253195203846627
43.45836,1.5716,1254658737,60,29.4881789130033,0.491469648550054
43.45849,1.57163,1254658797,60,14.6546764176635,0.244244606961059
43.45833,1.57142,1254658856,59,24.568802094442,0.416420374482068
43.45821,1.57166,1254659216,60,20.2974346154197,0.338290576923662
43.4583,1.57194,1254659276,60,24.7125029771435,0.411875049619059
43.4583,1.57193,1254659336,60,0.816536127791726,0.0136089354631954
43.45808,1.57221,1254659396,60,33.2992062154718,0.554986770257863
43.45803,1.57216,1254659456,60,6.86911570857764,0.114485261809627
43.45816,1.57206,1254659516,60,16.5537470961615,0.275895784936026
43.45817,1.57179,1254659696,60,16.9835907184266,0.283059845307109
43.45803,1.57179,1254659756,60,15.5646297721833,0.259410496203055
43.45839,1.5718,1254660116,60,24.7024747727874,0.41170791287979
43.45816,1.57191,1254660416,60,6.67014212597321,0.111169035432887
43.45802,1.57184,1254660476,60,16.5581007676409,0.275968346127348
43.45821,1.5718,1254660536,60,21.3688983323287,0.356148305538811
43.45863,1.57132,1254660596,60,60.6703970798895,1.01117328466482
43.45832,1.57145,1254660656,60,36.0265111088589,0.600441851814316
43.45844,1.57197,1254660716,60,44.0340621254469,0.733901035424114
43.45841,1.57191,1254660776,60,5.87893751580002,0.0979822919300004
43.45846,1.57201,1254660837,61,9.79935301302638,0.160645131361088
43.45869,1.5722,1254660897,60,29.8155830184924,0.496926383641539
43.45839,1.57192,1254661077,60,2.66454251287367,0.0444090418812278
43.4577,1.57355,1254678115,60,13.376368762405,0.222939479373417
43.45774,1.57339,1254678175,60,13.6566669360583,0.227611115600972
43.45773,1.57377,1254678235,60,30.6868996272448,0.511448327120746
43.45774,1.57354,1254678295,60,18.5949517648321,0.309915862747202
43.4576,1.57333,1254678355,60,23.0107090174267,0.383511816957111
43.45772,1.57346,1254678415,60,16.9719155929707,0.282865259882845
43.45803,1.57384,1254678475,60,46.1332659004797,0.768887765007995
43.45868,1.57401,1254678535,60,73.5561422161892,1.22593570360315
43.45972,1.57458,1254678598,63,124.438504304818,1.97521435404473
43.45787,1.57363,1254678778,60,15.7522107284288,0.262536845473814
43.45768,1.57357,1254678836,58,21.6713888580467,0.373644635483564
43.45773,1.57359,1254678896,60,5.78858792386534,0.0964764653977556
43.45771,1.5734,1254678956,60,15.4938468045581,0.258230780075968
43.45783,1.57362,1254679137,58,8.42602326302987,0.145276263155687
43.45747,1.57351,1254679377,60,21.6166485871836,0.36027747645306
43.45723,1.57343,1254679437,60,27.4525147692124,0.457541912820207
43.45751,1.57348,1254679497,60,31.3899613862596,0.523166023104326
43.45776,1.57345,1254679557,60,27.8996543395266,0.46499423899211
43.45728,1.57343,1254679737,60,40.0319951239121,0.667199918731869
43.45809,1.57392,1254679797,60,98.3533804203221,1.63922300700537
43.45769,1.57358,1254679857,60,52.2545190101544,0.87090865016924
43.45765,1.57356,1254679917,60,4.72985584712202,0.078830930785367
43.45775,1.57356,1254679977,60,11.1178490477328,0.18529748412888
43.45776,1.57356,1254680037,60,1.11506218601582,0.0185843697669304
43.45776,1.57354,1254680157,60,7.59600438363836,0.126600073060639
43.45758,1.57348,1254680217,60,20.5894134267821,0.343156890446368
43.45758,1.57371,1254680397,60,18.3029072168286,0.30504845361381
43.45791,1.57362,1254680517,60,23.9421531070239,0.399035885117065
43.45772,1.57343,1254680577,60,26.1020736055635,0.435034560092724
43.45778,1.57353,1254680637,60,10.4705415755626,0.174509026259376
43.45781,1.57364,1254680697,60,9.48349299702958,0.15805821661716
43.45783,1.57379,1254680757,60,12.3082147934316,0.205136913223859
43.45774,1.57326,1254680816,59,43.9268173340246,0.744522327695332
43.45768,1.57331,1254680876,60,7.79619536362264,0.129936589393711
43.45786,1.57291,1254680937,61,37.9804963690228,0.622631088016766
43.45799,1.57303,1254680997,60,17.3976425651231,0.289960709418718
43.45801,1.5723,1254681117,60,29.7862564562428,0.496437607604046
43.45836,1.57203,1254681235,58,32.5035492192726,0.560406021021942
43.45856,1.57212,1254681295,60,23.3918602791631,0.389864337986052
43.45887,1.57183,1254683455,60,45.0928833465341,0.751548055775568
43.45868,1.57166,1254683515,60,25.1877313807268,0.419795523012113
43.45877,1.57176,1254683575,60,12.8546190499991,0.214243650833318
43.45875,1.5719,1254683635,60,11.5147479144171,0.191912465240284
43.45867,1.57191,1254683695,60,8.93059197759462,0.148843199626577
43.45856,1.57182,1254683755,60,14.223814335046,0.237063572250766
43.45917,1.57205,1254684235,60,47.1625438469885,0.786042397449808
43.45867,1.57169,1254684355,60,29.3087380161602,0.488478966936003
43.45858,1.57175,1254684415,60,11.1158228683047,0.185263714471745
43.4582,1.57181,1254684475,60,42.5241258922201,0.708735431537001
43.45828,1.57194,1254684535,60,13.7539622216432,0.229232703694053
43.45877,1.57181,1254685256,60,4.64237407983914,0.0773729013306523
43.45854,1.57189,1254685616,60,16.851511871436,0.280858531190599
43.45823,1.57187,1254685856,60,24.1875722293016,0.403126203821694
43.45837,1.57179,1254685916,60,16.8509771998448,0.280849619997413
43.4584,1.57166,1254685976,60,11.0087201410811,0.183478669018018
43.45834,1.5718,1254686036,60,13.1206634819735,0.218677724699559
43.46538,1.57208,1263490865,60,1176.03709563529,19.6006182605882
43.45804,1.57247,1263493442,60,59.6149968402227,0.993583280670378
43.45811,1.57187,1263493502,60,49.0421641899453,0.817369403165755
43.4584,1.57184,1263493563,61,32.3322057347941,0.530036159586789
43.45887,1.57166,1263494102,60,43.1122548907631,0.718537581512719
43.45785,1.57339,1263747426,60,50.5935509663815,0.843225849439692
43.45764,1.57365,1263747486,60,31.3903919293158,0.52317319882193
43.45765,1.5736,1263747543,57,4.1851176903773,0.0734231173750403
43.45775,1.5735,1263747603,60,13.7382314171573,0.228970523619288
43.45782,1.57347,1263747664,61,8.15100410219198,0.133623018068721
43.45774,1.57354,1263747723,59,10.5365916060148,0.17858629840703
43.45767,1.57371,1263747783,60,15.7727884128761,0.262879806881269
43.45818,1.57438,1263747964,61,57.2720130884494,0.938885460466384
43.45821,1.57461,1263748024,60,18.8583682122908,0.314306136871513
43.45843,1.57464,1263748083,59,24.5787015517349,0.416588161893812
43.45856,1.57472,1263748143,60,15.8298082952156,0.263830138253594
43.45868,1.57486,1263748203,60,17.4828838523439,0.291381397539066
43.45859,1.57491,1263748264,61,10.7884035975104,0.176859075369022
43.45817,1.57466,1263748324,60,50.866706160202,0.847778436003367
43.4581,1.57451,1263748384,60,14.391322083742,0.239855368062367
43.45825,1.57425,1263748443,59,26.8023670630488,0.454277407848285
43.45787,1.57412,1263748503,60,43.5304981143426,0.725508301905711
43.45797,1.574,1263748563,60,14.7441658418326,0.245736097363877
43.45734,1.57437,1263748623,60,76.1409511268135,1.26901585211356
43.45727,1.57417,1263748684,61,17.9185977497017,0.29374750409347
43.4568,1.57383,1263748744,60,59.0195762056863,0.983659603428105
43.45655,1.57346,1263748804,60,40.7941318695041,0.679902197825069
43.45616,1.57323,1263748863,59,47.165218316123,0.799410479934288
43.45607,1.57281,1263748924,61,35.3416311775998,0.579371002911473
43.45618,1.57249,1263748984,60,28.5746657349313,0.476244428915521
43.45632,1.5718,1263749043,59,57.8200022078127,0.980000037420554
43.45643,1.57147,1263749104,61,29.3059711702032,0.480425756888576
43.45642,1.57121,1263749163,59,21.0123831175062,0.356142086737394
43.45751,1.57129,1263749403,60,40.0819288593861,0.668032147656435
43.45758,1.57097,1263749464,61,26.9717606138538,0.442160010063178
43.45781,1.57091,1263749524,60,26.0251580041424,0.433752633402373
43.45816,1.57089,1263749584,60,38.9454813811286,0.649091356352143
43.45825,1.57152,1263749644,60,51.8169741949563,0.863616236582605
43.45898,1.57183,1263749704,60,84.9278204146315,1.41546367357719
43.45841,1.57177,1265813859,61,19.7233529998518,0.323333655735276
43.45843,1.57182,1265821227,60,24.0193621229008,0.400322702048346
43.45828,1.57202,1265821287,60,23.2081826017628,0.386803043362714
43.45841,1.57186,1265821347,60,19.3809692561178,0.32301615426863
43.45845,1.57185,1265821407,60,4.52044375727582,0.0753407292879304
43.45841,1.5717,1265821467,60,12.8966048527568,0.214943414212613
43.45833,1.57195,1265822607,60,9.21461477326102,0.153576912887684
43.45852,1.57194,1265822727,60,11.3785763808191,0.189642939680319
43.4583,1.57165,1265822967,60,14.9046182079477,0.248410303465796
43.45847,1.57156,1265823027,60,20.2476576042714,0.337460960071189
43.45848,1.57166,1265823207,60,15.0920445972026,0.251534076620043
43.45844,1.57164,1265823267,60,4.73080819905901,0.0788468033176502
43.45849,1.57172,1265823687,60,15.5854551242389,0.259757585403982
43.45825,1.57158,1265823807,60,26.5822872305412,0.44303812050902
43.45829,1.57148,1265823867,60,9.21412586943931,0.153568764490655
43.45847,1.57162,1265823927,60,22.9809318231829,0.383015530386382
43.4584,1.5717,1265824047,60,28.7870262785424,0.47978377130904
43.45809,1.5726,1265826087,60,59.616885991328,0.993614766522133
43.45871,1.57155,1265826147,60,109.231479337811,1.82052465563018
43.45882,1.5713,1265826387,60,127.735312934631,2.12892188224386
43.45833,1.57183,1265829407,60,7.37208292091507,0.122868048681918
43.45868,1.57153,1265829466,59,45.828959512431,0.776762025634423
43.45856,1.57148,1265829526,60,13.9381157210484,0.232301928684139
43.45809,1.57217,1265829765,60,55.3928630991307,0.923214384985511
43.45801,1.57231,1265830186,60,18.189581547522,0.3031596924587
43.45825,1.57202,1265830364,59,44.4781827557534,0.753867504334803
43.4582,1.57203,1265830424,60,5.61636857188614,0.093606142864769
43.46739,1.57196,1265830724,61,803.810636814483,13.1772235543358
43.45839,1.57158,1265830931,60,9.21412586943931,0.153568764490655
43.46739,1.57196,1265830962,31,1001.06701152823,32.2924842428463
43.45826,1.57183,1265831955,60,28.4416103877175,0.474026839795292
43.45856,1.5716,1265832192,59,15.6920383529233,0.265966751744462
43.45799,1.57186,1265832431,59,21.4486494006713,0.363536430519853
43.45838,1.57175,1265832490,59,44.2585626412896,0.750145129513383
43.45845,1.57149,1265832549,59,22.3790814338097,0.379306464979826
43.45828,1.57164,1265832608,59,22.4446097596937,0.38041711457108
43.46739,1.57196,1265832819,33,928.337515022614,28.1314398491701
43.45843,1.57204,1265833273,59,31.5455768257764,0.534670793657227
43.45832,1.57195,1265833333,60,14.2241310497193,0.237068850828655
43.45847,1.57162,1265833392,59,31.4219490079239,0.532575406913965
43.45833,1.57167,1265833451,59,16.0794143584969,0.272532446754185
43.4585,1.57159,1265833511,60,19.9725687806016,0.33287614634336
43.45811,1.57178,1265833570,59,45.990475049939,0.779499577117609
43.45823,1.57165,1265833645,75,16.9721810259216,0.226295747012288
43.45833,1.57164,1265833704,59,11.1465810476116,0.188925102501892
43.45834,1.57159,1265834239,59,6.82833346802819,0.1157344655598
43.45822,1.57149,1265834299,60,15.5918128781651,0.259863547969419
43.4581,1.57167,1265834358,59,19.7231245920882,0.334290247323529
43.45837,1.57151,1265834417,59,32.6774408891752,0.553854930325004
43.4585,1.57159,1265834477,60,15.8298082952156,0.263830138253594
43.45839,1.57179,1265834537,60,20.2501048678478,0.337501747797464
43.4585,1.57134,1265834596,59,38.3192830715774,0.649479374094532
43.45846,1.57162,1265834656,60,23.0296914441434,0.383828190735723
43.45848,1.5716,1265834715,59,2.74777744538932,0.0465724990743952
43.4582,1.57158,1265834775,60,31.1714883386571,0.519524805644285
43.45821,1.57144,1265834893,59,9.68374147948574,0.164131211516708
43.45857,1.57173,1265835131,60,18.2925667295542,0.304876112159237
43.45772,1.57195,1265835251,60,69.6907078895268,1.16151179815878
43.45793,1.57166,1265835310,59,33.057655013378,0.560299237514881
43.45862,1.57178,1265835369,59,77.3212719812065,1.31053003357977
43.45819,1.57183,1265835426,57,47.9762279253007,0.841688209215802
43.45819,1.5716,1265835486,60,18.5612461213147,0.309354102021911
43.45845,1.57168,1265835665,59,6.0047936418991,0.101776163422019
43.45834,1.57169,1265835724,59,12.2561310451401,0.207731034663391
43.45842,1.57169,1265835784,60,8.89419819802478,0.148236636633746
43.45885,1.57232,1265835843,59,69.7873451938894,1.18283635921846
43.4587,1.57198,1265835903,60,32.1084991382291,0.535141652303819
43.45833,1.57152,1265835963,60,55.4095326462299,0.923492210770499
43.45834,1.57175,1265836082,60,33.9673140629029,0.566121901048382
43.45851,1.57187,1265836142,60,21.2367285582408,0.35394547597068
43.45829,1.5717,1265836262,60,16.3009027961335,0.271681713268891
43.45852,1.5717,1265836321,59,25.5707867864902,0.433403165872714
43.45863,1.57158,1265836381,60,15.5993232466247,0.259988720777078
43.45858,1.57163,1265836440,59,6.8697715027181,0.116436805130815
43.45818,1.57205,1265836500,60,55.9151235287828,0.931918725479713
43.45832,1.57187,1265836559,59,21.2901181314773,0.360849459855547
43.45829,1.57165,1265836678,59,13.8290907001217,0.234391367798673
43.4584,1.57171,1265836738,60,13.1532410063644,0.219220683439406
43.45842,1.57193,1265836797,59,17.892935404209,0.303270091596762
43.45836,1.57164,1265836857,60,24.3353758180236,0.40558959696706
43.45838,1.57188,1265836917,60,19.4954571857396,0.324924286428993
43.45857,1.57181,1265836976,59,21.8659183173837,0.370608785040401
43.45845,1.57209,1265837036,60,26.2408119383589,0.437346865639314
43.4585,1.57201,1265837095,59,8.51907256289074,0.144391060387979
43.45839,1.57167,1265837701,60,25.4784805028784,0.42464134171464
43.45844,1.57185,1265837761,60,15.5533377304578,0.259222295507629
43.45848,1.5718,1265838001,60,32.7000422579115,0.545000704298525
43.45855,1.5722,1265838121,60,18.5610034129163,0.309350056881938
43.45858,1.57196,1265838181,60,19.6533363515589,0.327555605859316
43.45841,1.57145,1265838661,60,30.0449671407466,0.500749452345777
43.45845,1.57166,1265838721,60,17.5209785768526,0.29201630961421
43.45842,1.57179,1265838841,60,6.4559827200088,0.107599712000147
43.45823,1.5715,1265839206,60,22.6237344683556,0.37706224113926
43.4582,1.57151,1265839266,60,3.43160537075064,0.0571934228458439
43.45834,1.57169,1265839446,60,28.1963111739755,0.469938519566259
43.45834,1.57165,1265839686,60,22.9420851467193,0.382368085778655
43.45847,1.57186,1265839746,60,22.2731474631011,0.371219124385019
43.45842,1.57195,1265839866,60,21.9805800166331,0.366343000277219
43.45822,1.57167,1265839986,60,7.37147181444236,0.122857863574039
43.45838,1.57179,1265840046,60,20.2534415688983,0.337557359481638
43.45844,1.57177,1265840166,60,12.8777281814283,0.214628803023805
43.45824,1.5717,1265840287,61,21.5780598762217,0.353738686495438
43.45851,1.57126,1265840706,60,35.525852740219,0.592097545670317
43.45846,1.57181,1265841246,60,6.4559827200088,0.107599712000147
43.45854,1.57163,1265841366,60,12.3640876455109,0.206068127425181
43.45849,1.57169,1265841486,60,17.8823578519879,0.298039297533131
43.45842,1.57159,1265841546,60,11.2110592776824,0.186850987961373
43.45844,1.57182,1265841726,60,32.2994459003648,0.538324098339414
43.45842,1.57167,1265841786,60,12.3074827498473,0.205124712497455
43.45848,1.57174,1265841906,60,33.236102805451,0.553935046757517
43.45837,1.57123,1265842026,60,26.1966538241014,0.436610897068357
43.4582,1.57161,1265842206,60,20.8990917650831,0.348318196084718
43.45829,1.5713,1265842267,61,26.9441875016793,0.441707991830808
43.45827,1.57129,1265842326,59,2.36349882004227,0.0400593020346148
43.45837,1.57211,1265842926,60,24.9869718920471,0.416449531534118
43.45831,1.57161,1265843646,60,17.1950073811604,0.286583456352673
43.4583,1.57166,1265843706,60,4.18726997526648,0.0697878329211081
43.45839,1.57154,1265843766,60,13.9251813124337,0.232086355207228
43.45833,1.57153,1265843946,60,5.4963745723242,0.09160624287207
43.4584,1.57158,1265844006,60,8.76563011938627,0.146093835323104
43.45844,1.57167,1265844066,60,8.515899132882,0.1419316522147
43.45846,1.57179,1265844126,60,9.9358579957171,0.165597633261952
43.4584,1.57171,1265844186,60,9.28329245168286,0.154721540861381
43.45831,1.57172,1265844246,60,10.0382526997317,0.167304211662196
43.45841,1.57178,1265844306,60,12.1264289759418,0.20210714959903
43.45843,1.57186,1265844366,60,6.82899317852372,0.113816552975395
43.45839,1.5718,1265844426,60,6.57422258953947,0.109570376492325
43.45838,1.57189,1265844486,60,7.34759901761551,0.122459983626925
43.45836,1.57186,1265844546,60,3.28813899881061,0.0548023166468435
43.45839,1.57182,1265844606,60,4.64237407983914,0.0773729013306523
43.45855,1.57179,1265844666,60,17.9522552752399,0.299204254587332
43.45852,1.5717,1265844726,60,7.99250032610248,0.133208338768375
43.45849,1.57173,1265844786,60,4.12221262697513,0.0687035437829188
43.45836,1.57155,1265844846,60,20.4918166078385,0.341530276797308
43.45845,1.57165,1265844906,60,12.8546190499991,0.214243650833318
43.45839,1.5717,1265844966,60,7.79619536362264,0.129936589393711
43.45831,1.57159,1265845026,60,12.5661126523963,0.209435210873271
43.45824,1.57167,1265845086,60,10.1115843401182,0.168526405668637
43.45842,1.57156,1265845146,60,21.8926852735644,0.36487808789274
43.4584,1.57172,1265845206,60,13.1021096237894,0.218368493729824
43.4583,1.57168,1265845266,60,11.5771758477319,0.192952930795531
43.45828,1.57182,1265845326,60,11.515530352356,0.191925505872599
43.45825,1.57177,1265845386,60,5.23527078778085,0.0872545131296808
43.45833,1.57181,1265845446,60,9.46161639811868,0.157693606635311
43.45839,1.57175,1265845506,60,8.24223927346577,0.137370654557763
43.45838,1.57177,1265845566,60,1.95913491541603,0.0326522485902672
43.45819,1.57143,1265845626,60,34.6276060405959,0.577126767343264
43.45813,1.57168,1265845686,60,21.2494525284812,0.354157542141353
43.45828,1.5714,1265845746,60,28.0839282659223,0.468065471098705
43.4583,1.57144,1265845806,60,3.92171749523061,0.0653619582538434
43.45848,1.57169,1265845866,60,28.4168903980872,0.47361483996812
43.45836,1.57169,1265845926,60,13.3416349616416,0.222360582694026
43.4583,1.57165,1265845986,60,7.41108892292766,0.123518148715461
43.4583,1.57168,1265846046,60,2.4237250024885,0.0403954167081416
43.45856,1.57146,1265846106,60,33.9231209359032,0.56538534893172
43.45843,1.57169,1265846166,60,23.5249436844917,0.392082394741528
43.45836,1.57176,1265846226,60,9.61651839661592,0.160275306610265
43.45838,1.57172,1265846286,60,3.9205686106314,0.06534281017719
43.4584,1.57189,1265846346,60,13.8979798718687,0.231632997864478
43.45853,1.57169,1265846406,60,21.6655675750312,0.361092792917186
43.45856,1.57171,1265846466,60,3.70554446146368,0.0617590743577279
43.45849,1.57161,1265846526,60,11.2110592776824,0.186850987961373
43.45842,1.57176,1265846586,60,14.3910090485786,0.239850150809644
43.45839,1.57174,1265846646,60,3.70554446146368,0.0617590743577279
43.45834,1.57169,1265846706,60,6.86845985182257,0.11447433086371
43.45832,1.5717,1265846766,60,2.36540409952946,0.0394234016588244
43.45829,1.57173,1265846826,60,4.12221262697513,0.0687035437829188
43.45831,1.57185,1265846946,60,17.9525062135934,0.299208436893223
43.45838,1.57174,1265847126,60,0.79416101709337,0.0132360169515562
43.45841,1.57181,1265847186,60,6.55981670022035,0.109330278337006
43.45849,1.5718,1265847306,60,2.22608062550987,0.0371013437584979
43.45839,1.57174,1265847366,60,12.1260574725189,0.202100957875315
43.45842,1.57171,1265847426,60,4.12221262697513,0.0687035437829188
43.45848,1.57164,1265847486,60,8.74144192616992,0.145690698769499
43.45848,1.57169,1265847666,60,16.0794143584969,0.267990239308282
43.45848,1.57156,1265847726,60,10.4911732045851,0.174852886743085
43.45834,1.57178,1265847786,60,23.6109597885564,0.39351599647594
43.45834,1.57194,1265847846,60,12.9126632143687,0.215211053572812
43.45835,1.57192,1265847906,60,1.95913491541603,0.0326522485902672
43.45859,1.57179,1265848026,60,7.37208292091507,0.122868048681918
43.45841,1.57202,1265848086,60,27.2946897871203,0.454911496452005
43.45826,1.57166,1265848146,60,33.4985632494425,0.558309387490708
43.4584,1.57154,1265848266,60,23.5245606886727,0.392076011477879
43.45838,1.57175,1265848386,60,10.7239046245488,0.178731743742479
43.45841,1.57171,1265848446,60,4.64140358247726,0.077356726374621
43.45845,1.57166,1265848506,60,6.0047936418991,0.100079894031652
43.45833,1.57167,1265848566,60,13.3652502846287,0.222754171410479
43.45837,1.57155,1265848626,60,10.6569019513841,0.177615032523068
43.45833,1.57163,1265848686,60,7.83998808412485,0.130666468068747
43.45842,1.57155,1265848746,60,11.9078763287251,0.198464605478751
43.45836,1.57163,1265848806,60,9.28329245168286,0.154721540861381
43.45836,1.5717,1265848866,60,5.6499567226584,0.0941659453776401
43.45849,1.5717,1265848926,60,14.4534811648332,0.240891352747221
43.45866,1.5717,1265848986,60,18.9001264792863,0.315002107988105
43.45836,1.57178,1265849046,60,33.9724860738118,0.566208101230196
43.4584,1.57166,1265849006,-100,6.56050341225576,-0.0656050341225576
43.45839,1.5717,1265849246,60,1.11101476000673,0.0185169126667788
43.45829,1.57158,1265849306,60,14.7441658418326,0.245736097363877
43.45833,1.57172,1265849366,60,12.1423928705561,0.202373214509269
43.45852,1.57181,1265849486,60,8.24223927346577,0.137370654557763
43.45858,1.5718,1265849546,60,6.71859415839449,0.111976569306575
43.45854,1.5718,1265849606,60,4.44811199029026,0.074135199838171
43.45847,1.57162,1265849666,60,16.4795587044443,0.274659311740739
43.45772,1.57204,1265849726,60,90.0087636444065,1.50014606074011
43.45826,1.57183,1265849786,60,62.3819851972142,1.0396997532869
43.45844,1.57169,1265850127,60,16.851511871436,0.280858531190599
43.45854,1.5717,1265850187,60,11.1469851947827,0.185783086579711
43.45856,1.57173,1265850247,60,3.28813899881061,0.0548023166468435
43.45836,1.57168,1265850307,60,22.5988301926994,0.376647169878323
43.4581,1.57162,1265850367,60,29.3090454273654,0.48848409045609
43.45823,1.57169,1265850427,60,15.5182511536706,0.258637519227844
43.45804,1.57149,1265850547,60,24.7576706106263,0.412627843510438
43.458,1.57172,1265850607,60,19.0867901401522,0.318113169002537
43.45813,1.57172,1265850667,60,14.4528577803399,0.240880963005664
43.45801,1.57173,1265850847,60,31.3901049012678,0.52316841502113
43.45862,1.57155,1265851207,60,13.340959623889,0.222349327064817
43.45854,1.57156,1265851267,60,8.93059197759462,0.148843199626577
43.45845,1.57166,1265851327,60,12.8546190499991,0.214243650833318
43.45843,1.57162,1265851387,60,3.9205686106314,0.06534281017719
43.45826,1.57168,1265851447,60,19.5107022701685,0.325178371169475
43.45836,1.57167,1265851507,60,11.1473893273014,0.18578982212169
43.4584,1.57194,1265851567,60,22.2385343073073,0.370642238455122
43.45839,1.57166,1265851627,60,22.6235353429328,0.377058922382214
43.45819,1.57142,1265851687,60,29.4880261415301,0.491467102358834
43.45823,1.57154,1265851747,60,10.6564792178132,0.177607986963553
43.45829,1.57161,1265851807,60,8.74144192616992,0.145690698769499
43.45834,1.57165,1265851867,60,6.42871118449091,0.107145186408182
43.45832,1.57173,1265851927,60,6.82833346802819,0.11380555780047
43.45834,1.57171,1265851987,60,2.74777744538932,0.0457962907564887
43.45835,1.5717,1265852047,60,1.37552723099629,0.0229254538499382
43.45835,1.5717,1265852107,60,0,0
43.4583,1.57167,1265852167,60,6.06451459064603,0.101075243177434
43.45864,1.57135,1265852227,60,45.7793900090454,0.76298983348409
43.45824,1.57164,1265852287,60,50.2531566172492,0.837552610287487
43.45823,1.5716,1265852347,60,3.41449658926174,0.0569082764876956
43.45832,1.57163,1265852407,60,10.2952536960889,0.171587561601481
43.45833,1.57174,1265852467,60,8.94671947060061,0.149111991176677
43.4588,1.57177,1265852527,60,52.3094930344973,0.871824883908289
43.45877,1.57181,1265852587,60,4.64237407983914,0.0773729013306523
43.45881,1.57159,1265852647,60,18.3029072168286,0.30504845361381
43.45877,1.57183,1265852707,60,19.872396083252,0.331206601387534
43.45881,1.57174,1265852767,60,8.51695707426541,0.14194928457109
43.45867,1.57171,1265852827,60,15.7522107284288,0.262536845473814
43.45854,1.57173,1265852887,60,14.5429695633427,0.242382826055711
43.45831,1.57093,1265852947,60,69.4402876829752,1.15733812804959
43.45843,1.57163,1265853127,60,40.4380943496889,0.673968239161481
43.45871,1.57161,1265853187,60,31.1714883386571,0.519524805644285
43.45849,1.57176,1265853247,60,27.2905632688644,0.454842721147739
43.45839,1.57167,1265853307,60,13.2800385908668,0.221333976514447
43.45841,1.5718,1265853367,60,10.7239046245488,0.178731743742479
43.45847,1.57193,1265853427,60,12.4320356816294,0.207200594693824
43.4584,1.57187,1265853487,60,9.1655953023599,0.152759921705998
43.45829,1.57165,1265853547,60,21.5584261749142,0.359307102915237
43.45837,1.5717,1265853607,60,9.7671197265539,0.162785328775898
43.45839,1.57161,1265853667,60,7.59600438363836,0.126600073060639
43.45848,1.57187,1265853727,60,23.2458094445496,0.38743015740916
43.45841,1.57162,1265853787,60,21.6243580659815,0.360405967766359
43.45836,1.57169,1265853847,60,7.92571103552592,0.132095183925432
43.45836,1.57173,1265853907,60,3.23008406126787,0.0538347343544646
43.45843,1.57176,1265853967,60,8.15100410219198,0.135850068369866
43.45841,1.57186,1265854027,60,8.3713117307088,0.13952186217848
43.45843,1.57169,1265854087,60,13.898628143897,0.231643802398283
43.45838,1.5718,1265854147,60,10.4739830026319,0.174566383377198
43.45842,1.57177,1265854207,60,5.06380522950806,0.0843967538251343
43.45847,1.57179,1265854267,60,5.78780962632584,0.0964634937720973
43.45862,1.57182,1265854327,60,16.851511871436,0.280858531190599
43.45844,1.57168,1265854387,60,22.9811278518595,0.383018797530991
43.45849,1.57167,1265854447,60,5.61636857188614,0.093606142864769
43.45845,1.57175,1265854507,60,7.83941345238851,0.130656890873142
43.45843,1.57166,1265854567,60,7.59600438363836,0.126600073060639
43.45842,1.5718,1265854627,60,11.353209591276,0.1892201598546
43.45841,1.57185,1265854687,60,4.18619397114355,0.0697698995190592
43.45844,1.57167,1265854747,60,14.9040136930032,0.248400228216721
43.45839,1.57165,1265854807,60,5.78780962632584,0.0964634937720973
43.45845,1.57164,1265854867,60,6.71926464331791,0.111987744055298
43.45837,1.57172,1265854927,60,10.9906999025787,0.183178331709644
43.45839,1.57169,1265854987,60,3.28813899881061,0.0548023166468435
43.45843,1.57173,1265855047,60,5.49555489077877,0.0915925815129794
43.4584,1.5719,1265855107,60,14.1185914093923,0.235309856823204
43.45839,1.57176,1265855167,60,11.3528127854603,0.189213546424339
43.4584,1.57178,1265855227,60,1.95913491541603,0.0326522485902672
43.45843,1.57183,1265855287,60,5.23527078778085,0.0872545131296808
43.45845,1.57187,1265855347,60,3.9205686106314,0.06534281017719
43.45844,1.57177,1265855407,60,8.14547537327654,0.135757922887942
43.45847,1.5718,1265855467,60,4.12221262697513,0.0687035437829188
43.45843,1.57176,1265855527,60,5.49555489077877,0.0915925815129794
43.45841,1.57181,1265855587,60,4.60730738663021,0.0767884564438368
43.45841,1.57182,1265855647,60,0.805426275043186,0.0134237712507198
43.45844,1.57182,1265855707,60,3.33439560554909,0.0555732600924848
43.45842,1.57158,1265855767,60,19.4954571857396,0.324924286428993
43.45845,1.5715,1265855827,60,7.26621682413615,0.121103613735602
43.4584,1.5717,1265855887,60,17.0703718441729,0.284506197402882
43.4585,1.57175,1265855947,60,11.8274013939469,0.197123356565782
43.45839,1.57173,1265856007,60,12.3356350680039,0.205593917800064
43.45837,1.57165,1265856067,60,6.82833346802819,0.11380555780047
43.45833,1.57158,1265856127,60,7.19018089927853,0.119836348321309
43.45846,1.57177,1265856187,60,21.0712591401772,0.351187652336287
43.45836,1.57169,1265856247,60,12.8563711959964,0.214272853266607
43.45835,1.5721,1265856307,60,33.1061334631403,0.551768891052339
43.45845,1.57196,1265856367,60,15.8511378706072,0.264185631176786
43.45848,1.57177,1265856427,60,15.6914641734338,0.261524402890563
43.45849,1.57179,1265856487,60,1.95913491541603,0.0326522485902672
43.45839,1.57188,1265856547,60,13.2800385908668,0.221333976514447
43.4583,1.57171,1265856607,60,16.9804073894082,0.283006789823471
43.4584,1.57165,1265856667,60,12.1260574725189,0.202100957875315
43.45835,1.57171,1265856727,60,7.37208292091507,0.122868048681918
43.45842,1.57154,1265856787,60,15.7727884128761,0.262879806881269
43.45872,1.57224,1265915563,61,55.9623966589564,0.917416338671416
43.76481,1.38063,1266716643,0,0.0949203968048096,Inf
43.75957,1.38518,1266716703,60,687.648310783994,11.4608051797332
43.74074,1.39127,1266716763,60,2149.84500941842,35.8307501569737
43.72157,1.39972,1266716824,61,2236.7705126892,36.6683690604787
43.70263,1.40631,1266716884,60,2171.27499282799,36.1879165471332
43.68377,1.41305,1266716944,60,2165.67654240224,36.0946090400374
43.66511,1.42236,1266717004,60,2205.51622758166,36.7586037930277
43.65666,1.42681,1266717064,60,1005.3198302468,16.7553305041134
43.6487,1.43574,1266717124,60,1139.81893583045,18.9969822638409
43.64699,1.45685,1266717185,61,1708.85586315409,28.0140305435096
48.86945,2.27571,1268239520,75,251.873128591803,3.35830838122404
48.86992,2.27393,1268239566,46,140.267040655164,3.04928349250356
48.86998,2.27407,1268239626,60,12.2200564559312,0.203667607598854
48.86997,2.27397,1268292097,6,0.134237712507197,0.0223729520845329
48.88631,2.31268,1268293310,60,85.6258796016611,1.42709799336102
48.88557,2.31198,1268293369,59,96.8883880282156,1.64217606827484
48.88633,2.31259,1268343351,51,21.2172036502758,0.4160236009858
48.88644,2.31263,1268343410,59,12.5739971604405,0.213118595939669
48.88623,2.31308,1268343470,60,40.3401635900961,0.672336059834934
48.88625,2.31314,1268343529,59,4.91848883743068,0.0833642175835709
48.88632,2.31312,1268343588,59,7.9188873484791,0.134218429635239
48.88602,2.31346,1268343647,59,41.596366275856,0.705023157217899
48.88643,2.31329,1268343707,60,47.2465262007824,0.787442103346373
48.88636,2.31334,1268343766,59,8.59802765704063,0.145729282322723
48.88631,2.31282,1268343831,65,38.4189646490915,0.591060994601407
48.88637,2.31308,1268343891,60,20.1441568038296,0.335735946730494
48.88646,2.31312,1268343951,60,10.424835414636,0.1737472569106
48.88624,2.31329,1268344010,59,27.4354431247965,0.465007510589772
48.88642,2.31288,1268344070,60,36.0397634584368,0.600662724307281
48.88631,2.31292,1268344129,59,12.5739971604405,0.213118595939669
48.88641,2.31286,1268344189,60,11.9520573468576,0.19920095578096
48.8862,2.31297,1268344248,59,24.6935371240219,0.418534527525795
48.88629,2.31324,1268344308,60,22.1296884643734,0.36882814107289
48.88636,2.31315,1268344366,58,10.1910208859034,0.175707256653507
48.84132,2.32127,1269978947,60,51.3752647005377,0.856254411675628
48.84027,2.32165,1269979006,59,120.002133266793,2.03393446214903
48.83926,2.32105,1269979066,60,120.567139239353,2.00945232065589
48.83833,2.32059,1269979126,60,108.736193033587,1.81226988389311
48.83749,2.31975,1269979186,60,111.802568702372,1.86337614503953
48.83753,2.31883,1269979246,60,67.4692417758377,1.12448736293063
48.83614,2.31891,1269979306,60,154.647554470497,2.57745924117495
48.83539,2.31791,1269979366,60,110.941155245137,1.84901925408561
48.83546,2.31713,1269979426,60,57.6083141227071,0.960138568711786
48.83475,2.31744,1269979495,69,82.1312686072879,1.19030824068533
48.8338,2.31776,1269979555,60,108.183604159324,1.80306006932207
48.8335,2.31678,1269979615,60,79.0949516658047,1.31824919443008
48.83319,2.31586,1269979675,60,75.636727210284,1.2606121201714
48.83619,2.32504,1270043604,9,0,0
48.8367,2.26693,1270043675,71,4252.76342130305,59.898076356381
48.8367,2.26693,1270043731,56,0,0
48.8367,2.26693,1270053031,57,1176.10068206249,20.633345299342
48.84716,2.26453,1270053301,72,246.901910592058,3.42919320266747
48.84716,2.26453,1270053357,56,0,0
48.8367,2.26693,1270053396,39,1176.10068206249,30.1564277451921
48.84497,2.26397,1270053469,73,944.603767027312,12.9397776305111
48.84636,2.26432,1270053511,42,156.643993551711,3.72961889408837
48.84636,2.26432,1270053581,70,0,0
48.84497,2.26397,1270053962,68,0.0949203968048096,0.00139588818830602
48.84497,2.26397,1270054123,50,0.0949203968048096,0.00189840793609619
48.84807,2.26223,1270054252,66,367.410090547144,5.56681955374461
48.84497,2.26397,1270054333,81,367.410090547144,4.5359270437919
48.84497,2.26397,1270054361,28,0.0949203968048096,0.00339001417160034
48.84497,2.26397,1270054423,62,0.0949203968048096,0.00153097414201306
48.84497,2.26397,1270054480,57,0.0949203968048096,0.00166527011938262
48.84497,2.26397,1270054543,63,0.0949203968048096,0.00150667296515571
48.84497,2.26397,1270054601,58,0.0949203968048096,0.00163655856560016
48.84497,2.26397,1270054664,63,0.0949203968048096,0.00150667296515571
48.83206,2.31691,1270070558,25,38.1458373772769,1.52583349509107
48.83206,2.31691,1270070856,57,0,0
48.83206,2.31691,1270070915,59,0,0
48.83206,2.31691,1270071759,62,0,0
48.83206,2.31691,1270071813,54,0,0
48.83206,2.31691,1270071881,68,0,0
48.83206,2.31691,1270071939,58,0,0
48.83206,2.31691,1270071998,59,0,0
48.83206,2.31691,1270072057,59,0,0
48.83247,2.31605,1270072294,52,77.7113468353378,1.49444897760265
48.83206,2.31691,1270072356,62,77.7113468353378,1.2534088199248
48.83206,2.31691,1270072417,61,0,0
48.83206,2.31691,1270072476,59,0,0
48.83206,2.31691,1270072542,66,0,0
48.83206,2.31691,1270072596,54,0,0
43.56285,1.48011,1270560717,59,1.37552723099629,0.023314020864344
43.56284,1.48015,1270560777,60,3.4092150755213,0.0568202512586884
43.56286,1.48012,1270560838,61,3.28539774031092,0.0538589793493593
43.56286,1.48008,1270560897,59,3.22450050642552,0.0546525509563647
43.56286,1.48009,1270560957,60,0.816536127791726,0.0136089354631954
43.56279,1.48001,1270561016,59,10.1048992890271,0.171269479475035
43.56281,1.48008,1270561076,60,6.06154251764683,0.101025708627447
43.56281,1.48008,1270561136,60,0,0
43.56283,1.48009,1270561196,60,2.36349882004227,0.0393916470007045
43.56285,1.48008,1270561256,60,2.36349882004227,0.0393916470007045
43.56279,1.48014,1270561316,60,8.23786557229631,0.137297759538272
43.56279,1.48009,1270561376,60,4.02824986749564,0.067137497791594
43.56288,1.4801,1270561436,60,10.0382526997317,0.167304211662196
43.56283,1.48005,1270561496,60,6.86517962819988,0.114419660469998
43.56278,1.48,1270561556,60,6.86517962819988,0.114419660469998
43.5628,1.48009,1270561616,60,7.58413376475267,0.126402229412544
43.5628,1.4801,1270561676,60,0.805426275043186,0.0134237712507198
43.56293,1.48009,1270561736,60,14.4755939216666,0.241259898694443
43.56289,1.48009,1270561796,60,4.44709909901212,0.0741183183168686
43.56287,1.48025,1270561856,60,13.08008578577,0.218001429762833
43.56285,1.4801,1270561916,60,12.2869678220841,0.204782797034736
43.56285,1.4801,1270561976,60,0.0949203968048096,0.00158200661341349
43.56299,1.48008,1270562036,60,15.6483406675186,0.260805677791977
43.56291,1.48006,1270562096,60,9.03889415381483,0.150648235896914
43.56281,1.48004,1270562156,60,11.2335392243302,0.187225653738837
43.56286,1.4801,1270562216,60,7.3659695747099,0.122766159578498
43.56287,1.48007,1270562276,60,2.66115896546072,0.0443526494243453
43.56287,1.48008,1270562336,60,0.805426275043186,0.0134237712507198
43.56286,1.4801,1270562396,60,1.95913491541603,0.0326522485902672
43.56282,1.48004,1270562456,60,6.56873835701913,0.109478972616986
43.56295,1.48047,1270562516,60,37.5354665028398,0.625591108380664
43.56288,1.48032,1270562576,60,14.3731547747071,0.239552579578451
43.56283,1.48015,1270562639,63,14.7807852355352,0.234615638659288
43.56288,1.48,1270562699,60,13.3013926911386,0.221689878185644
43.5628,1.48001,1270562759,60,8.93059197759462,0.148843199626577
43.56284,1.48007,1270562819,60,6.56805250597503,0.10946754176625
43.56289,1.48028,1270562879,60,17.8076331205074,0.29679388534179
43.56292,1.48012,1270562939,60,13.3145947332741,0.221909912221235
43.56289,1.4801,1270562999,60,3.70311220359645,0.0617185367266075
43.4609,1.57165,1274293192,42,265.890584523508,6.33072820294067
43.4609,1.57165,1274296628,79,355.842047006461,4.50432970894254
43.45936,1.56319,1274308305,74,713.818184553284,9.64619168315249
43.45833,1.57191,1274309255,60,57.9023756868532,0.965039594780887
43.4583,1.57186,1274309318,63,5.23527078778085,0.0830995363139817
43.4588,1.57166,1274309375,57,57.8844783805094,1.01551716457034
43.45829,1.57184,1274309556,61,36.0647546294995,0.5912254857295
43.45843,1.57159,1274309616,60,25.4814861561283,0.424691435935472
43.45836,1.57166,1274309682,66,9.61651839661592,0.14570482419115
43.45832,1.57167,1274309736,54,4.52044375727582,0.0837119214310338
43.45837,1.57183,1274309796,60,14.0581561998177,0.234302603330295
43.45842,1.57182,1274309856,60,5.61717062381053,0.0936195103968422
43.45837,1.57168,1274309916,60,12.5918981363909,0.209864968939848
43.4585,1.57186,1274316403,64,6306.65299881419,98.5414531064717
45.88944,6.13732,1274874308,59,22.594643581215,0.382960060698559
45.88943,6.13731,1274874374,66,1.35573444038087,0.0205414309148617
45.88941,6.13739,1274874617,59,15.7190011308669,0.266423747980795
45.88924,6.13711,1274883747,58,37.0657768775897,0.639065118579133
45.88945,6.13743,1274884945,61,81.4989865651029,1.33604896008365
45.8893,6.13733,1274885124,53,7.35372763576135,0.138749578033233
45.88949,6.13721,1274885184,60,23.0746389096397,0.384577315160662
45.88954,6.13698,1274889393,65,15.8696003133482,0.244147697128433
45.88981,6.13692,1274889448,55,30.3748236023595,0.5522695200429
45.88952,6.13733,1274889508,60,45.2343248075705,0.753905413459508
45.88951,6.1373,1274889568,60,2.57337581228301,0.0428895968713835
45.8894,6.13728,1274889626,58,12.3272326680073,0.212538494275988
45.88929,6.13721,1274889687,61,13.3753583736159,0.219268170059276
45.88934,6.13765,1274889746,59,34.4998755940898,0.584743654137116
45.88914,6.13758,1274889806,60,22.8856600259403,0.381427667099006
45.88972,6.13736,1274889864,58,66.6925055288836,1.14987078498075
45.88926,6.13742,1274889924,60,51.3520223982654,0.855867039971089
45.88932,6.13714,1274889984,60,22.6714739906731,0.377857899844551
45.88932,6.13726,1274890052,68,9.28668874871873,0.13656895218704
45.88938,6.13733,1274890103,51,8.59278655465966,0.16848601087568
45.88941,6.13724,1274890165,62,7.72187783420486,0.124546416680724
45.88933,6.13745,1274890223,58,18.5255338644199,0.319405756283102
45.88937,6.13737,1274890284,61,7.62205466999253,0.124951715901517
45.88951,6.13723,1274890641,59,35.1601601565952,0.595934917908393
45.88941,6.13745,1274890701,60,20.3331365737238,0.338885609562063
45.88953,6.13752,1274890764,63,14.3991457510937,0.22855786906498
45.8896,6.1373,1274890819,55,18.7190627528583,0.340346595506514
45.88926,6.13757,1274890879,60,43.190553748052,0.719842562467533
45.88943,6.13741,1274890938,59,22.5948429612571,0.382963440021307
45.88952,6.13736,1274891013,75,10.728104642187,0.14304139522916
45.88952,6.13723,1274891068,55,10.0597709510054,0.182904926381916
45.88952,6.13727,1274891127,59,3.09620964410939,0.052478129561176
45.88965,6.13706,1274891188,61,21.7481666187434,0.356527321618743
45.88948,6.13705,1274891248,60,18.9156132135716,0.315260220226193
45.88956,6.13735,1274891307,59,24.8608098598313,0.421369658641208
45.88948,6.13733,1274891378,71,9.02792280238466,0.127153842287108
45.88938,6.13732,1274892573,64,17.382617572836,0.271603399575562
45.88963,6.13725,1274892628,55,28.3171582997077,0.514857423631049
45.88952,6.13725,1274892688,60,12.2296376361328,0.203827293935546
45.88952,6.13736,1274892808,61,23.2853102321002,0.381726397247544
45.8893,6.13724,1274892928,59,20.1459458053255,0.341456708564839
45.88933,6.13724,1274892987,59,3.33439560554909,0.0565151797550693
45.8895,6.13732,1274893048,61,19.8882582900244,0.32603702114794
45.88943,6.13725,1274893112,64,9.48206780082912,0.148157309387955
45.88944,6.13741,1274893168,56,12.4316733108451,0.221994166265091
45.88934,6.13737,1274893228,60,11.5405403567911,0.192342339279852
45.88946,6.13733,1274893354,66,13.5457093362812,0.205238020246685
45.88899,6.1377,1274893832,59,18.5364734952364,0.314177516868413
45.88938,6.13728,1274898563,61,23.9459159990752,0.392555999984839
45.8893,6.13734,1274898623,60,10.0328659256922,0.167214432094871
45.88927,6.13724,1274898683,60,8.42655789221495,0.140442631536916
45.88938,6.13743,1274898743,60,19.1245166979704,0.318741944966173
45.88906,6.13746,1274898803,60,35.6524346244315,0.594207243740524
45.88931,6.13738,1274898983,60,7.81754614772217,0.13029243579537
45.88953,6.13753,1274899043,60,27.0736201559346,0.45122700259891
45.88929,6.13745,1274899103,60,27.3914017741044,0.45652336290174
45.88945,6.13735,1274899163,60,19.398858992213,0.323314316536883
45.88948,6.13728,1274899283,60,31.139388104185,0.518989801736417
45.88931,6.13737,1274899463,60,22.5023410605,0.375039017675
45.88948,6.13724,1274899523,60,21.4105995366748,0.356843325611247
45.88916,6.13715,1274899703,60,12.0489096730288,0.200815161217146
45.88936,6.13726,1274899763,60,23.8095096241872,0.39682516040312
45.88952,6.13734,1274899823,60,18.8349431435521,0.313915719059202
45.8894,6.13723,1274899883,60,15.8258235905454,0.26376372650909
45.88946,6.13722,1274899943,60,6.71524072960639,0.111920678826773
45.88951,6.13722,1274900004,61,5.55912711965376,0.0911332314697338
45.88956,6.13721,1274905951,60,5.14675162456612,0.0857791937427687
45.88955,6.13729,1274906010,59,6.28986412210947,0.106607866476432
45.88955,6.13746,1274906070,60,13.1552958257077,0.219254930428462
45.8895,6.13731,1274906132,62,12.8700297480892,0.207581124969181
45.88943,6.13727,1274906188,56,8.37561574730715,0.149564566916199
45.88944,6.13703,1274906248,60,18.6058505802413,0.310097509670688
45.88972,6.13717,1274906606,59,19.6899774206128,0.333728430857845
45.8896,6.13716,1274906666,60,13.3639019617719,0.222731699362864
45.88946,6.13733,1274906726,60,20.3793892991716,0.339656488319526
45.88963,6.13714,1274906786,60,23.9455397364792,0.399092328941321
45.88954,6.1372,1274906845,59,11.0307956538974,0.186962638201651
45.88929,6.13727,1274906908,63,28.3173173879948,0.44948122838087
45.88953,6.13729,1274906964,56,26.7274668237139,0.477276193280605
45.8896,6.1373,1274907025,61,7.82042691804058,0.128203719967878
45.88954,6.13733,1274907083,58,7.06376139308464,0.121788989535942
45.88949,6.13727,1274907143,60,7.24261910013463,0.120710318335577
45.88977,6.13715,1274907212,69,32.4852490749473,0.470800711231121
45.88954,6.1372,1274907284,72,25.8619326484845,0.359193509006729
45.88961,6.1373,1274907335,51,10.9747026821271,0.21519024866916
45.88965,6.13697,1274907391,56,25.9210902568317,0.462876611729137
45.88966,6.13697,1274907451,60,1.11101476000673,0.0185169126667788
43.63298,1.37897,1274979537,54,1177.61791854601,21.8077392323334
43.62475,1.38822,1274979887,55,888.844135018806,16.1608024548874
43.6048,1.39794,1274980060,59,978.742177256087,16.5888504619676
43.59974,1.39747,1274980120,60,563.829154684185,9.39715257806976
43.59066,1.39923,1274980179,59,1019.38963358588,17.2777903997606
43.58119,1.40507,1274980240,61,1153.11511785844,18.9035265222695
43.57243,1.4107,1274980298,58,1074.30497637785,18.5224995927215
43.56948,1.42443,1274980358,60,1153.56367090313,19.2260611817189
43.57148,1.43563,1274980417,59,929.169738665499,15.7486396383983
43.57398,1.44908,1274980477,60,1118.45736838442,18.6409561397404
43.57416,1.46739,1274980538,61,1474.93829431094,24.1793163001794
43.56622,1.48319,1274980597,59,1548.88517084555,26.2522910312805
43.55488,1.49454,1274980657,60,1557.44487894052,25.9574146490086
43.54442,1.50364,1274980718,61,1374.79343979044,22.5375973736137
43.53854,1.51,1274980777,59,830.700635024413,14.0796717800748
43.53093,1.51895,1274980837,60,1111.83573318013,18.5305955530022
43.52156,1.52665,1274980896,59,1212.63119347498,20.5530710758472
43.51662,1.53847,1274980955,59,1099.86669461066,18.6418083832315
43.51662,1.54767,1274981015,60,741.73240922876,12.3622068204793
43.50993,1.55484,1274981075,60,942.021117960904,15.7003519660151
43.50302,1.55803,1274981133,58,810.157270128963,13.9682287953269
43.49152,1.56506,1274981193,60,1398.61105330752,23.310184221792
43.48518,1.57006,1274981262,69,812.089434795324,11.769412098483
43.47313,1.57416,1274981322,60,1379.91574999569,22.9985958332615
43.46352,1.5686,1274981382,60,1158.78138686617,19.3130231144362
43.45843,1.57175,1274982875,60,14.3910090485786,0.239850150809644
43.45836,1.57162,1274982935,60,13.0625089548254,0.217708482580423
43.45838,1.57169,1274982995,60,6.07119643527738,0.101186607254623
43.45837,1.57166,1274983180,60,6.56050341225576,0.109341723537596
43.45859,1.57173,1274986487,59,22.468682495253,0.380825127038187
43.45841,1.57168,1274995959,60,15.0923430919682,0.251539051532804
43.4609,1.57165,1274997045,62,316.202452609406,5.10003955821622
43.49612,1.51896,1275034297,59,1303.52349507123,22.0936185605294
43.50398,1.51275,1275034356,59,1007.18912727978,17.0710021572843
43.51021,1.51571,1275034415,59,732.607165064381,12.4170705943115
43.54436,1.50409,1275034713,59,1027.84114706275,17.4210363908941
43.55595,1.4968,1275034773,60,1416.12506631711,23.6020844386186
43.55792,1.49062,1275034832,59,543.959187757993,9.21964725013547
43.57164,1.47491,1275034951,60,938.233459621862,15.637224327031
43.56535,1.47799,1275035011,60,742.014592919318,12.3669098819886
43.56269,1.47707,1275035071,60,304.877813099787,5.08129688499645
43.56304,1.4772,1275035131,60,40.2969226399032,0.671615377331719
43.56308,1.47722,1275035191,60,4.72890330339126,0.078815055056521
43.56269,1.47662,1275035263,72,64.934293494347,0.901865187421486
43.56255,1.47714,1275047402,60,162.606729651187,2.71011216085311
43.56269,1.47663,1275047553,91,63.0103443322756,0.692421366288742
43.45859,1.57173,1275281894,65,22.3373731737432,0.343651894980664
NA,NA,NA,NA,NA,NA
NA,NA,NA,NA,NA,NA
NA,NA,NA,NA,NA,NA
NA,NA,NA,NA,NA,NA
NA,NA,NA,NA,NA,NA
NA,NA,NA,NA,NA,NA
NA,NA,NA,NA,NA,NA
NA,NA,NA,NA,NA,NA
NA,NA,NA,NA,NA,NA
NA,NA,NA,NA,NA,NA
NA,NA,NA,NA,NA,NA
NA,NA,NA,NA,NA,NA
NA,NA,NA,NA,NA,NA
NA,NA,NA,NA,NA,NA
NA,NA,NA,NA,NA,NA
NA,NA,NA,NA,NA,NA
NA,NA,NA,NA,NA,NA
NA,NA,NA,NA,NA,NA
NA,NA,NA,NA,NA,NA
NA,NA,NA,NA,NA,NA
NA,NA,NA,NA,NA,NA
NA,NA,NA,NA,NA,NA
NA,NA,NA,NA,NA,NA
NA,NA,NA,NA,NA,NA
NA,NA,NA,NA,NA,NA
NA,NA,NA,NA,NA,NA
NA,NA,NA,NA,NA,NA
NA,NA,NA,NA,NA,NA
NA,NA,NA,NA,NA,NA
NA,NA,NA,NA,NA,NA
NA,NA,NA,NA,NA,NA
NA,NA,NA,NA,NA,NA
NA,NA,NA,NA,NA,NA
NA,NA,NA,NA,NA,NA
NA,NA,NA,NA,NA,NA
NA,NA,NA,NA,NA,NA
NA,NA,NA,NA,NA,NA
NA,NA,NA,NA,NA,NA
NA,NA,NA,NA,NA,NA
NA,NA,NA,NA,NA,NA
NA,NA,NA,NA,NA,NA
NA,NA,NA,NA,NA,NA
NA,NA,NA,NA,NA,NA
NA,NA,NA,NA,NA,NA
NA,NA,NA,NA,NA,NA
NA,NA,NA,NA,NA,NA
NA,NA,NA,NA,NA,NA
NA,NA,NA,NA,NA,NA
NA,NA,NA,NA,NA,NA
NA,NA,NA,NA,NA,NA
NA,NA,NA,NA,NA,NA
NA,NA,NA,NA,NA,NA
NA,NA,NA,NA,NA,NA
NA,NA,NA,NA,NA,NA
NA,NA,NA,NA,NA,NA
NA,NA,NA,NA,NA,NA
NA,NA,NA,NA,NA,NA
NA,NA,NA,NA,NA,NA
NA,NA,NA,NA,NA,NA
NA,NA,NA,NA,NA,NA
NA,NA,NA,NA,NA,NA
NA,NA,NA,NA,NA,NA
NA,NA,NA,NA,NA,NA
NA,NA,NA,NA,NA,NA
NA,NA,NA,NA,NA,NA
NA,NA,NA,NA,NA,NA
NA,NA,NA,NA,NA,NA
NA,NA,NA,NA,NA,NA
NA,NA,NA,NA,NA,NA
NA,NA,NA,NA,NA,NA
NA,NA,NA,NA,NA,NA
NA,NA,NA,NA,NA,NA
NA,NA,NA,NA,NA,NA
NA,NA,NA,NA,NA,NA
NA,NA,NA,NA,NA,NA
NA,NA,NA,NA,NA,NA
NA,NA,NA,NA,NA,NA
NA,NA,NA,NA,NA,NA
NA,NA,NA,NA,NA,NA
NA,NA,NA,NA,NA,NA
NA,NA,NA,NA,NA,NA
NA,NA,NA,NA,NA,NA
NA,NA,NA,NA,NA,NA
NA,NA,NA,NA,NA,NA
NA,NA,NA,NA,NA,NA
NA,NA,NA,NA,NA,NA
NA,NA,NA,NA,NA,NA
NA,NA,NA,NA,NA,NA
NA,NA,NA,NA,NA,NA
NA,NA,NA,NA,NA,NA
NA,NA,NA,NA,NA,NA
NA,NA,NA,NA,NA,NA
NA,NA,NA,NA,NA,NA
NA,NA,NA,NA,NA,NA
NA,NA,NA,NA,NA,NA
NA,NA,NA,NA,NA,NA
NA,NA,NA,NA,NA,NA
NA,NA,NA,NA,NA,NA
NA,NA,NA,NA,NA,NA
NA,NA,NA,NA,NA,NA
NA,NA,NA,NA,NA,NA
NA,NA,NA,NA,NA,NA
NA,NA,NA,NA,NA,NA
NA,NA,NA,NA,NA,NA
NA,NA,NA,NA,NA,NA
NA,NA,NA,NA,NA,NA
NA,NA,NA,NA,NA,NA
NA,NA,NA,NA,NA,NA
NA,NA,NA,NA,NA,NA
NA,NA,NA,NA,NA,NA
NA,NA,NA,NA,NA,NA
NA,NA,NA,NA,NA,NA
NA,NA,NA,NA,NA,NA
NA,NA,NA,NA,NA,NA
NA,NA,NA,NA,NA,NA
NA,NA,NA,NA,NA,NA
NA,NA,NA,NA,NA,NA
NA,NA,NA,NA,NA,NA
NA,NA,NA,NA,NA,NA
NA,NA,NA,NA,NA,NA
NA,NA,NA,NA,NA,NA
NA,NA,NA,NA,NA,NA
NA,NA,NA,NA,NA,NA
NA,NA,NA,NA,NA,NA
NA,NA,NA,NA,NA,NA
NA,NA,NA,NA,NA,NA
NA,NA,NA,NA,NA,NA
NA,NA,NA,NA,NA,NA
NA,NA,NA,NA,NA,NA
NA,NA,NA,NA,NA,NA
NA,NA,NA,NA,NA,NA
NA,NA,NA,NA,NA,NA
NA,NA,NA,NA,NA,NA
NA,NA,NA,NA,NA,NA
NA,NA,NA,NA,NA,NA
NA,NA,NA,NA,NA,NA
NA,NA,NA,NA,NA,NA
NA,NA,NA,NA,NA,NA
NA,NA,NA,NA,NA,NA
NA,NA,NA,NA,NA,NA
NA,NA,NA,NA,NA,NA
NA,NA,NA,NA,NA,NA
NA,NA,NA,NA,NA,NA
NA,NA,NA,NA,NA,NA
NA,NA,NA,NA,NA,NA
NA,NA,NA,NA,NA,NA
NA,NA,NA,NA,NA,NA
NA,NA,NA,NA,NA,NA
NA,NA,NA,NA,NA,NA
NA,NA,NA,NA,NA,NA
NA,NA,NA,NA,NA,NA
NA,NA,NA,NA,NA,NA
NA,NA,NA,NA,NA,NA
NA,NA,NA,NA,NA,NA
NA,NA,NA,NA,NA,NA
NA,NA,NA,NA,NA,NA
NA,NA,NA,NA,NA,NA
NA,NA,NA,NA,NA,NA
NA,NA,NA,NA,NA,NA
NA,NA,NA,NA,NA,NA
NA,NA,NA,NA,NA,NA
NA,NA,NA,NA,NA,NA
NA,NA,NA,NA,NA,NA
NA,NA,NA,NA,NA,NA
NA,NA,NA,NA,NA,NA
NA,NA,NA,NA,NA,NA
NA,NA,NA,NA,NA,NA
NA,NA,NA,NA,NA,NA
NA,NA,NA,NA,NA,NA
NA,NA,NA,NA,NA,NA
NA,NA,NA,NA,NA,NA
NA,NA,NA,NA,NA,NA
NA,NA,NA,NA,NA,NA
NA,NA,NA,NA,NA,NA
NA,NA,NA,NA,NA,NA
NA,NA,NA,NA,NA,NA
NA,NA,NA,NA,NA,NA
NA,NA,NA,NA,NA,NA
NA,NA,NA,NA,NA,NA
NA,NA,NA,NA,NA,NA
NA,NA,NA,NA,NA,NA
NA,NA,NA,NA,NA,NA
NA,NA,NA,NA,NA,NA
NA,NA,NA,NA,NA,NA
NA,NA,NA,NA,NA,NA
NA,NA,NA,NA,NA,NA
NA,NA,NA,NA,NA,NA
NA,NA,NA,NA,NA,NA
NA,NA,NA,NA,NA,NA
NA,NA,NA,NA,NA,NA
NA,NA,NA,NA,NA,NA
NA,NA,NA,NA,NA,NA
NA,NA,NA,NA,NA,NA
NA,NA,NA,NA,NA,NA
NA,NA,NA,NA,NA,NA
NA,NA,NA,NA,NA,NA
NA,NA,NA,NA,NA,NA
NA,NA,NA,NA,NA,NA
NA,NA,NA,NA,NA,NA
NA,NA,NA,NA,NA,NA
NA,NA,NA,NA,NA,NA
NA,NA,NA,NA,NA,NA
NA,NA,NA,NA,NA,NA
NA,NA,NA,NA,NA,NA
NA,NA,NA,NA,NA,NA
NA,NA,NA,NA,NA,NA
NA,NA,NA,NA,NA,NA
NA,NA,NA,NA,NA,NA
NA,NA,NA,NA,NA,NA
NA,NA,NA,NA,NA,NA
NA,NA,NA,NA,NA,NA
NA,NA,NA,NA,NA,NA
NA,NA,NA,NA,NA,NA
NA,NA,NA,NA,NA,NA
NA,NA,NA,NA,NA,NA
NA,NA,NA,NA,NA,NA
NA,NA,NA,NA,NA,NA
NA,NA,NA,NA,NA,NA
NA,NA,NA,NA,NA,NA
NA,NA,NA,NA,NA,NA
NA,NA,NA,NA,NA,NA
NA,NA,NA,NA,NA,NA
NA,NA,NA,NA,NA,NA
NA,NA,NA,NA,NA,NA
NA,NA,NA,NA,NA,NA
NA,NA,NA,NA,NA,NA
NA,NA,NA,NA,NA,NA
NA,NA,NA,NA,NA,NA
NA,NA,NA,NA,NA,NA
NA,NA,NA,NA,NA,NA
NA,NA,NA,NA,NA,NA
NA,NA,NA,NA,NA,NA
NA,NA,NA,NA,NA,NA
NA,NA,NA,NA,NA,NA
NA,NA,NA,NA,NA,NA
NA,NA,NA,NA,NA,NA
NA,NA,NA,NA,NA,NA
NA,NA,NA,NA,NA,NA
NA,NA,NA,NA,NA,NA
NA,NA,NA,NA,NA,NA
NA,NA,NA,NA,NA,NA
NA,NA,NA,NA,NA,NA
NA,NA,NA,NA,NA,NA
NA,NA,NA,NA,NA,NA
NA,NA,NA,NA,NA,NA
NA,NA,NA,NA,NA,NA
NA,NA,NA,NA,NA,NA
NA,NA,NA,NA,NA,NA
NA,NA,NA,NA,NA,NA
NA,NA,NA,NA,NA,NA
NA,NA,NA,NA,NA,NA
NA,NA,NA,NA,NA,NA
NA,NA,NA,NA,NA,NA
NA,NA,NA,NA,NA,NA
NA,NA,NA,NA,NA,NA
NA,NA,NA,NA,NA,NA
NA,NA,NA,NA,NA,NA
NA,NA,NA,NA,NA,NA
NA,NA,NA,NA,NA,NA
NA,NA,NA,NA,NA,NA
NA,NA,NA,NA,NA,NA
NA,NA,NA,NA,NA,NA
NA,NA,NA,NA,NA,NA
NA,NA,NA,NA,NA,NA
NA,NA,NA,NA,NA,NA
NA,NA,NA,NA,NA,NA
NA,NA,NA,NA,NA,NA
NA,NA,NA,NA,NA,NA
NA,NA,NA,NA,NA,NA
NA,NA,NA,NA,NA,NA
NA,NA,NA,NA,NA,NA
NA,NA,NA,NA,NA,NA
NA,NA,NA,NA,NA,NA
NA,NA,NA,NA,NA,NA
NA,NA,NA,NA,NA,NA
NA,NA,NA,NA,NA,NA
NA,NA,NA,NA,NA,NA
NA,NA,NA,NA,NA,NA
NA,NA,NA,NA,NA,NA
NA,NA,NA,NA,NA,NA
NA,NA,NA,NA,NA,NA
NA,NA,NA,NA,NA,NA
NA,NA,NA,NA,NA,NA
NA,NA,NA,NA,NA,NA
NA,NA,NA,NA,NA,NA
NA,NA,NA,NA,NA,NA
NA,NA,NA,NA,NA,NA
NA,NA,NA,NA,NA,NA
NA,NA,NA,NA,NA,NA
NA,NA,NA,NA,NA,NA
NA,NA,NA,NA,NA,NA
NA,NA,NA,NA,NA,NA
NA,NA,NA,NA,NA,NA
NA,NA,NA,NA,NA,NA
NA,NA,NA,NA,NA,NA
NA,NA,NA,NA,NA,NA
NA,NA,NA,NA,NA,NA
NA,NA,NA,NA,NA,NA
NA,NA,NA,NA,NA,NA
NA,NA,NA,NA,NA,NA
NA,NA,NA,NA,NA,NA
